0.412 0 0 0
0.413997 0.00169461 0 0.234528
0.412986 0.00338101 0 0.469055
0.414969 0.00509601 0 0.703583
0.412945 0.0067618 0 0.938111
0.411914 0.00843157 0 1.17264
0.422872 0.0103877 0 1.40717
0.419828 0.0120326 0 1.64169
0.412779 0.0135218 0 1.87622
0.41272 0.0152113 0 2.11075
0.411655 0.0168596 0 2.34528
0.399595 0.0180044 0 2.5798
0.398519 0.0195907 0 2.81433
0.380461 0.0202645 0 3.04886
0.38337 0.0219934 0 3.28339
0.373295 0.0229489 0 3.51792
0.382179 0.0250657 0 3.75244
0.385066 0.0268384 0 3.98697
0.372985 0.027531 0 4.2215
0.376857 0.0293683 0 4.45603
0.379724 0.031156 0 4.69055
0.381586 0.0328817 0 4.92508
0.390412 0.0352528 0 5.15961
0.398229 0.0376026 0 5.39414
0.406033 0.040017 0 5.62866
9.94769 1.02154 0 5.86319
0.457397 0.0488633 0 6.09772
9.93899 1.10294 0 6.33225
0.491752 0.0566087 0 6.56678
0.491517 0.0586211 0 6.8013
0.484325 0.0597751 0 7.03583
0.492012 0.0627695 0 7.27036
0.501665 0.066089 0 7.50489
0.502382 0.0682766 0 7.73941
0.496156 0.0695001 0 7.97394
0.495867 0.0715304 0 8.20847
0.497549 0.0738532 0 8.443
0.510093 0.0778505 0 8.67752
0.504831 0.0791632 0 8.91205
0.508452 0.0818648 0 9.14658
0.506139 0.0836193 0 9.38111
0.504807 0.0855234 0 9.61564
0.500511 0.0869047 0 9.85016
0.510981 0.0908788 0 10.0847
0.513557 0.093507 0 10.3192
0.503339 0.0937768 0 10.5537
0.514739 0.0980825 0 10.7883
0.503536 0.0980854 0 11.0228
9.8076 1.95216 0 11.2573
9.79953 1.99229 0 11.4919
9.79129 2.03238 0 11.7264
9.78289 2.07244 0 11.9609
9.77433 2.11247 0 12.1954
2.75585 0.607425 0 12.43
2.76407 0.621112 0 12.6645
2.77613 0.635769 0 12.899
2.79785 0.652808 0 13.1336
2.81364 0.668647 0 13.3681
2.8274 0.684157 0 13.6026
2.84788 0.701465 0 13.8371
2.87118 0.71968 0 14.0717
2.89243 0.737604 0 14.3062
2.90004 0.7522 0 14.5407
2.9095 0.767379 0 14.7752
2.92855 0.785239 0 15.0098
2.9504 0.804056 0 15.2443
2.97214 0.823065 0 15.4788
2.99185 0.841724 0 15.7134
3.00953 0.860008 0 15.9479
3.0348 0.88068 0 16.1824
9.5923 2.82625 0 16.4169
3.04761 0.911513 0 16.6515
3.06586 0.93066 0 16.886
3.08496 0.950267 0 17.1205
3.10777 0.971239 0 17.355
3.12665 0.991205 0 17.5896
3.14731 1.01195 0 17.8241
3.17262 1.03444 0 18.0586
3.18925 1.05432 0 18.2932
3.20387 1.07372 0 18.5277
3.18903 1.08329 0 18.7622
9.45537 3.25514 0 18.9967
9.44197 3.29382 0 19.2313
3.28863 1.16236 0 19.4658
3.3055 1.18356 0 19.7003
3.33823 1.21072 0 19.9349
3.35389 1.23196 0 20.1694
3.38069 1.25753 0 20.4039
3.39891 1.28017 0 20.6384
3.42634 1.30654 0 20.873
3.45455 1.33352 0 21.1075
3.47421 1.35748 0 21.342
9.29927 3.67744 0 21.5765
3.76101 1.50514 0 21.8111
3.75481 1.52052 0 22.0456
3.78465 1.55066 0 22.2801
3.8069 1.57801 0 22.5147
9.22206 3.86698 0 22.7492
9.20616 3.90469 0 22.9837
9.1901 3.94235 0 23.2182
3.95119 1.71416 0 23.4528
9.15752 4.01745 0 23.6873
9.141 4.0549 0 23.9218
9.12432 4.09228 0 24.1564
9.10749 4.12959 0 24.3909
9.09051 4.16684 0 24.6254
9.07338 4.20401 0 24.8599
1.82209 0.853313 0 25.0945
9.03866 4.27815 0 25.329
1.78166 0.852235 0 25.5635
1.76375 0.852558 0 25.798
1.74318 0.851431 0 26.0326
1.7334 0.855461 0 26.2671
1.73525 0.865227 0 26.5016
8.93088 4.49883 0 26.7362
1.66038 0.844935 0 26.9707
1.65868 0.852639 0 27.2052
1.64098 0.852048 0 27.4397
1.64014 0.860151 0 27.6743
1.64014 0.86873 0 27.9088
1.62687 0.870247 0 28.1433
1.62769 0.879276 0 28.3779
1.62232 0.884973 0 28.6124
1.61693 0.890641 0 28.8469
1.60541 0.892878 0 29.0814
1.60087 0.898952 0 29.316
1.59544 0.904511 0 29.5505
1.59606 0.913518 0 29.785
1.5949 0.921544 0 30.0195
1.59112 0.928065 0 30.2541
1.59679 0.940151 0 30.4886
1.59292 0.946679 0 30.7231
1.58904 0.953191 0 30.9577
1.58854 0.961759 0 31.1922
1.58374 0.967732 0 31.4267
1.59338 0.982605 0 31.6612
1.5919 0.990704 0 31.8958
1.61239 1.01264 0 32.1303
1.62005 1.02672 0 32.3648
1.64111 1.04951 0 32.5993
1.64856 1.06381 0 32.8339
1.64 1.06782 0 33.0684
1.64314 1.07946 0 33.3029
8.33525 5.52482 0 33.5375
8.31256 5.55889 0 33.772
8.28974 5.59287 0 34.0065
3.00249 2.04364 0 34.241
2.99493 2.05648 0 34.4756
2.99224 2.07271 0 34.7101
2.99275 2.09124 0 34.9446
2.98416 2.10347 0 35.1792
2.96738 2.10987 0 35.4137
2.97578 2.13424 0 35.6482
2.95568 2.1382 0 35.8827
2.95498 2.15617 0 36.1173
2.95257 2.17299 0 36.3518
8.0296 5.96033 0 36.5863
1.05988 0.793493 0 36.8209
1.05662 0.797825 0 37.0554
1.0621 0.808807 0 37.2899
1.05878 0.813148 0 37.5244
7.90594 6.12341 0 37.759
1.17109 0.91474 0 37.9935
1.15162 0.90715 0 38.228
7.83015 6.22003 0 38.4625
7.80462 6.25203 0 38.6971
1.03927 0.839532 0 38.9316
1.02342 0.833674 0 39.1661
1.02541 0.842299 0 39.4007
1.02118 0.845851 0 39.6352
1.01157 0.844896 0 39.8697
7.64874 6.4418 0 40.1042
7.62231 6.47306 0 40.3388
7.59575 6.5042 0 40.5733
1.09524 0.945649 0 40.8078
1.09438 0.952751 0 41.0423
1.07168 0.94073 0 41.2769
1.07756 0.953725 0 41.5114
1.07215 0.956796 0 41.7459
1.06302 0.956494 0 41.9805
1.04799 0.950759 0 42.215
1.03228 0.944242 0 42.4495
1.01444 0.935578 0 42.684
1.0128 0.941765 0 42.9186
1.00456 0.941799 0 43.1531
0.991977 0.93766 0 43.3876
0.985235 0.938953 0 43.6222
0.97273 0.934664 0 43.8567
0.962432 0.932375 0 44.0912
0.959323 0.937006 0 44.3257
0.959755 0.945135 0 44.5603
0.948072 0.941305 0 44.7948
0.936437 0.937396 0 45.0293
0.927665 0.936248 0 45.2638
0.917517 0.933619 0 45.4984
0.914385 0.938083 0 45.7329
0.896637 0.927439 0 45.9674
0.887988 0.926049 0 46.202
0.882812 0.928227 0 46.4365
0.881063 0.934015 0 46.671
0.862202 0.921548 0 46.9055
0.861144 0.928002 0 47.1401
0.858693 0.93299 0 47.3746
0.846102 0.926896 0 47.6091
0.83626 0.92368 0 47.8437
0.833809 0.928583 0 48.0782
0.82335 0.924521 0 48.3127
0.819559 0.927883 0 48.5472
0.810483 0.925212 0 48.7818
0.806033 0.927767 0 49.0163
0.795701 0.923483 0 49.2508
0.793863 0.929013 0 49.4853
0.79458 0.937595 0 49.7199
0.782371 0.930888 0 49.9544
0.778554 0.934082 0 50.1889
0.76899 0.930324 0 50.4235
0.764542 0.932691 0 50.658
0.752517 0.925725 0 50.8925
0.741818 0.920234 0 51.127
6.24404 7.81102 0 51.3616
0.660958 0.833805 0 51.5961
6.17988 7.86187 0 51.8306
6.14765 7.8871 0 52.0651
6.11531 7.9122 0 52.2997
6.08288 7.93717 0 52.5342
6.05034 7.962 0 52.7687
0.419433 0.556673 0 53.0033
5.98495 8.01126 0 53.2378
5.95211 8.03569 0 53.4723
0.665907 0.906749 0 53.7068
5.88613 8.08415 0 53.9414
5.85299 8.10818 0 54.1759
5.81975 8.13207 0 54.4104
0.326932 0.460804 0 54.645
0.331947 0.471954 0 54.8795
0.330012 0.473308 0 55.114
0.324092 0.468897 0 55.3485
0.32217 0.470219 0 55.5831
0.317995 0.468225 0 55.8176
0.316635 0.470353 0 56.0521
0.316927 0.474972 0 56.2866
0.31167 0.471261 0 56.5212
0.300967 0.459151 0 56.7557
0.292548 0.450316 0 56.9902
0.286913 0.445624 0 57.2248
0.277556 0.434993 0 57.4593
0.268291 0.424292 0 57.6938
0.258587 0.412676 0 57.9283
0.255313 0.411183 0 58.1629
5.24025 8.51703 0 58.3974
0.238925 0.391913 0 58.6319
0.237836 0.393744 0 58.8665
0.230573 0.385275 0 59.101
5.1001 8.60168 0 59.3355
5.06485 8.62249 0 59.57
5.02951 8.64315 0 59.8046
4.99409 8.66366 0 60.0391
4.95859 8.68403 0 60.2736
0.198397 0.350782 0 60.5081
0.199892 0.356825 0 60.7427
0.198429 0.357641 0 60.9772
0.200816 0.365461 0 61.2117
4.77983 8.78369 0 61.4463
4.74383 8.80318 0 61.6808
4.70776 8.82253 0 61.9153
4.67161 8.84172 0 62.1498
4.63538 8.86077 0 62.3844
4.59907 8.87967 0 62.6189
4.56268 8.89842 0 62.8534
4.52622 8.91702 0 63.088
4.48968 8.93548 0 63.3225
4.45307 8.95378 0 63.557
4.41638 8.97193 0 63.7915
4.37962 8.98993 0 64.0261
0.166329 0.344998 0 64.2606
0.158456 0.332138 0 64.4951
0.16478 0.349061 0 64.7296
0.156155 0.33433 0 64.9642
0.155205 0.335874 0 65.1987
4.15753 9.09477 0 65.4332
4.12027 9.11172 0 65.6678
4.08294 9.1285 0 65.9023
4.04554 9.14514 0 66.1368
4.00807 9.16162 0 66.3713
3.97054 9.17795 0 66.6059
3.93294 9.19413 0 66.8404
3.89527 9.21015 0 67.0749
3.85754 9.22602 0 67.3094
3.81974 9.24173 0 67.544
3.78188 9.25729 0 67.7785
3.74396 9.27269 0 68.013
1.79814 4.50651 0 68.2476
1.77968 4.51383 0 68.4821
1.76118 4.52108 0 68.7166
1.74266 4.52825 0 68.9511
1.72411 4.53534 0 69.1857
1.70553 4.54236 0 69.4202
1.68693 4.54931 0 69.6547
1.66898 4.55805 0 69.8893
1.65405 4.57519 0 70.1238
3.36137 9.41813 0 70.3583
3.32279 9.43181 0 70.5928
3.28416 9.44533 0 70.8274
3.24547 9.4587 0 71.0619
3.20672 9.4719 0 71.2964
3.16792 9.48495 0 71.5309
3.12907 9.49784 0 71.7655
3.09017 9.51057 0 72
3.05121 9.52313 0 72.2345
3.01221 9.53554 0 72.4691
2.97315 9.54779 0 72.7036
2.93404 9.55988 0 72.9381
2.89489 9.57181 0 73.1726
2.85568 9.58358 0 73.4072
2.81643 9.59519 0 73.6417
2.77713 9.60664 0 73.8762
2.73779 9.61793 0 74.1108
2.6984 9.62905 0 74.3453
2.65896 9.64002 0 74.5798
2.61948 9.65082 0 74.8143
2.57995 9.66146 0 75.0489
2.54038 9.67194 0 75.2834
2.50077 9.68226 0 75.5179
2.46112 9.69241 0 75.7524
2.42142 9.70241 0 75.987
2.38169 9.71224 0 76.2215
2.34192 9.7219 0 76.456
2.3021 9.73141 0 76.6906
2.26225 9.74075 0 76.9251
2.22236 9.74993 0 77.1596
2.18243 9.75894 0 77.3941
2.14247 9.7678 0 77.6287
2.10247 9.77648 0 77.8632
2.06243 9.78501 0 78.0977
2.02236 9.79337 0 78.3323
1.98226 9.80156 0 78.5668
1.94212 9.8096 0 78.8013
0.688506 3.55392 0 79.0358
0.671905 3.5459 0 79.2704
0.656474 3.54371 0 79.5049
1.78125 9.84008 0 79.7394
1.74096 9.84729 0 79.9739
1.70064 9.85433 0 80.2085
1.66029 9.86121 0 80.443
1.61991 9.86792 0 80.6775
1.5795 9.87447 0 80.9121
1.53907 9.88085 0 81.1466
1.49861 9.88707 0 81.3811
1.45813 9.89312 0 81.6156
1.41762 9.89901 0 81.8502
1.37709 9.90473 0 82.0847
1.33654 9.91028 0 82.3192
1.29596 9.91567 0 82.5537
1.25536 9.92089 0 82.7883
1.21474 9.92595 0 83.0228
0.38675 3.27122 0 83.2573
1.13344 9.93556 0 83.4919
1.09277 9.94011 0 83.7264
1.05207 9.9445 0 83.9609
1.01135 9.94873 0 84.1954
0.970623 9.95278 0 84.43
0.929875 9.95667 0 84.6645
0.889112 9.9604 0 84.899
0.848334 9.96395 0 85.1336
0.807542 9.96734 0 85.3681
0.766736 9.97056 0 85.6026
0.725917 9.97362 0 85.8371
0.685087 9.97651 0 86.0717
0.644244 9.97923 0 86.3062
0.603391 9.98178 0 86.5407
0.562528 9.98417 0 86.7753
0.521656 9.98638 0 87.0098
0.480774 9.98844 0 87.2443
0.439885 9.99032 0 87.4788
0.398988 9.99204 0 87.7134
0.358085 9.99359 0 87.9479
0.317175 9.99497 0 88.1824
0.276261 9.99618 0 88.4169
0.235341 9.99723 0 88.6515
0.194418 9.99811 0 88.886
0.153491 9.99882 0 89.1205
0.112562 9.99937 0 89.3551
0.071631 9.99974 0 89.5896
0.0306988 9.99995 0 89.8241
-0.010234 10 0 90.0586
-0.0511665 9.99987 0 90.2932
-0.0920983 9.99958 0 90.5277
-0.133028 9.99911 0 90.7622
-0.173956 9.99849 0 90.9967
-0.214881 9.99769 0 91.2313
-0.255803 9.99673 0 91.4658
-0.29672 9.9956 0 91.7003
-0.337632 9.9943 0 91.9349
-0.378539 9.99283 0 92.1694
-0.419439 9.9912 0 92.4039
-0.460332 9.9894 0 92.6384
-0.501218 9.98743 0 92.873
-0.542095 9.9853 0 93.1075
-0.582963 9.98299 0 93.342
-0.623821 9.98052 0 93.5765
-0.664668 9.97789 0 93.8111
-0.705505 9.97508 0 94.0456
-0.74633 9.97211 0 94.2801
-0.787142 9.96897 0 94.5147
-0.827941 9.96567 0 94.7492
-0.868726 9.96219 0 94.9837
-0.909497 9.95856 0 95.2182
-0.950253 9.95475 0 95.4528
-0.990992 9.95078 0 95.6873
-1.03171 9.94664 0 95.9218
-1.07242 9.94233 0 96.1564
-1.11311 9.93786 0 96.3909
-1.15378 9.93322 0 96.6254
-1.19443 9.92841 0 96.8599
-1.23506 9.92344 0 97.0945
-1.27567 9.9183 0 97.329
-1.31625 9.913 0 97.5635
-1.35682 9.90752 0 97.798
-1.39736 9.90189 0 98.0326
-1.43788 9.89608 0 98.2671
-1.47838 9.89012 0 98.5016
-1.51885 9.88398 0 98.7362
-0.0255724 0.161994 0 98.9707
-0.0247955 0.153004 0 99.2052
-0.0250936 0.150928 0 99.4398
-0.0255431 0.149838 0 99.6743
-0.0282212 0.161554 0 99.9088
-0.0283539 0.158484 0 100.143
-1.80139 9.83641 0 100.378
-1.84164 9.82896 0 100.612
-1.88185 9.82133 0 100.847
-0.547782 2.79686 0 101.081
-1.96219 9.8056 0 101.316
-2.00231 9.79749 0 101.55
-0.609453 2.9211 0 101.785
-0.622029 2.92151 0 102.02
-0.633558 2.91699 0 102.254
-0.642249 2.89973 0 102.489
-2.2024 9.75446 0 102.723
-2.24231 9.74536 0 102.958
-2.28218 9.7361 0 103.192
-0.742812 3.11156 0 103.427
-2.36181 9.71709 0 103.661
-0.830461 3.3568 0 103.896
-0.835405 3.31846 0 104.13
-2.48095 9.68736 0 104.365
-2.52058 9.67712 0 104.599
-2.56017 9.66672 0 104.834
-2.59972 9.65616 0 105.068
-2.63922 9.64544 0 105.303
-1.05299 3.78734 0 105.537
-1.07909 3.82053 0 105.772
-1.10437 3.84973 0 106.007
-1.13046 3.8807 0 106.241
-1.15683 3.91152 0 106.476
-1.17571 3.91633 0 106.71
-1.2028 3.94783 0 106.945
-1.2284 3.97345 0 107.179
-2.99269 9.54169 0 107.414
-3.03172 9.52936 0 107.648
-1.22828 3.80675 0 107.883
-3.10963 9.50422 0 108.117
-3.14851 9.49141 0 108.352
-1.38872 4.12976 0 108.586
-1.41077 4.13918 0 108.821
-3.26482 9.45203 0 109.055
-3.30348 9.43859 0 109.29
-1.50093 4.23276 0 109.524
-1.53042 4.26046 0 109.759
-3.41913 9.39732 0 109.993
-3.45757 9.38324 0 110.228
-1.40013 3.75229 0 110.463
-3.53427 9.35462 0 110.697
-1.37578 3.59686 0 110.932
-3.61073 9.32537 0 111.166
-3.64887 9.31052 0 111.401
-3.68695 9.2955 0 111.635
-3.72497 9.28033 0 111.87
-3.76293 9.26501 0 112.104
-3.80082 9.24953 0 112.339
-0.13704 0.32965 0 112.573
-3.87641 9.2181 0 112.808
-3.91411 9.20216 0 113.042
-0.134755 0.313245 0 113.277
-0.1492 0.342951 0 113.511
-0.145368 0.330438 0 113.746
-0.147939 0.332581 0 113.98
-0.150119 0.333797 0 114.215
-0.149001 0.327717 0 114.45
-0.154517 0.336191 0 114.684
-0.160105 0.344625 0 114.919
-0.158539 0.33763 0 115.153
-0.160778 0.338785 0 115.388
-0.164758 0.343535 0 115.622
-0.163546 0.337458 0 115.857
-0.158329 0.323314 0 116.091
-0.164529 0.332523 0 116.326
-0.1641 0.328268 0 116.56
-0.166344 0.329379 0 116.795
-0.171326 0.335822 0 117.029
-0.172241 0.334229 0 117.264
-4.61723 8.87024 0 117.498
-0.166595 0.316875 0 117.733
-0.164608 0.310008 0 117.967
-0.172019 0.320789 0 118.202
-0.182855 0.337669 0 118.436
-0.187114 0.342182 0 118.671
-0.18513 0.335285 0 118.906
-0.190883 0.342385 0 119.14
-0.18983 0.337244 0 119.375
-0.18528 0.326031 0 119.609
-0.188604 0.32874 0 119.844
-0.181428 0.313254 0 120.078
-0.183213 0.313372 0 120.313
-0.181953 0.308313 0 120.547
-0.181678 0.304989 0 120.782
-0.180864 0.300814 0 121.016
-0.178462 0.294087 0 121.251
-5.22281 8.52774 0 121.485
-0.184018 0.29772 0 121.72
-0.187882 0.301207 0 121.954
-0.189113 0.300435 0 122.189
-0.188197 0.296282 0 122.423
-0.18671 0.2913 0 122.658
-0.192245 0.297251 0 122.893
-0.195646 0.299811 0 123.127
-0.192472 0.292326 0 123.362
-0.194221 0.292369 0 123.596
-5.5674 8.30687 0 123.831
-5.60135 8.28401 0 124.065
-5.63521 8.26101 0 124.3
-5.66898 8.23788 0 124.534
-0.371243 0.534771 0 124.769
-5.73623 8.19119 0 125.003
-5.76971 8.16765 0 125.238
-5.8031 8.14396 0 125.472
-0.252715 0.351602 0 125.707
-0.258261 0.356232 0 125.941
-0.263849 0.360822 0 126.176
-5.93565 8.04786 0 126.41
-5.96855 8.02349 0 126.645
-4.504 6.00325 0 126.879
-4.52854 5.98476 0 127.114
-6.06662 7.9496 0 127.349
-6.09911 7.9247 0 127.583
-4.94137 6.36634 0 127.818
-4.96123 6.33819 0 128.052
-4.98093 6.30998 0 128.287
-5.00983 6.29345 0 128.521
-5.03868 6.27679 0 128.756
-5.0549 6.24445 0 128.99
-6.32364 7.74671 0 129.225
-6.3553 7.72076 0 129.459
-6.38685 7.69468 0 129.694
-5.04478 6.02742 0 129.928
-5.06102 5.99679 0 130.163
-5.08488 5.97526 0 130.397
-5.13013 5.97868 0 130.632
-6.54298 7.56237 0 130.866
-6.57388 7.53552 0 131.101
-0.269471 0.306349 0 131.336
-0.258115 0.291028 0 131.57
-0.26397 0.295187 0 131.805
-0.267855 0.297075 0 132.039
-0.27445 0.301896 0 132.274
-0.287846 0.314039 0 132.508
-0.278949 0.301842 0 132.743
-0.289726 0.310941 0 132.977
-0.284834 0.303193 0 133.212
-0.284697 0.300572 0 133.446
-0.284544 0.297958 0 133.681
-0.296858 0.308317 0 133.915
-0.291849 0.300641 0 134.15
-0.295176 0.301588 0 134.384
-0.289384 0.293259 0 134.619
-0.290582 0.292072 0 134.853
-0.286818 0.285938 0 135.088
-0.287986 0.284762 0 135.322
-7.13947 7.00199 0 135.557
-7.16808 6.97271 0 135.792
-7.19656 6.94331 0 136.026
-5.69179 5.44669 0 136.261
-7.25316 6.88416 0 136.495
-7.28128 6.85442 0 136.73
-2.2381 2.08968 0 136.964
-2.27011 2.10224 0 137.199
-7.3649 6.76449 0 137.433
-1.82595 1.66337 0 137.668
-1.84536 1.66728 0 137.902
-1.85366 1.66104 0 138.137
-1.85671 1.65012 0 138.371
-1.85519 1.63523 0 138.606
-1.86639 1.63158 0 138.84
-1.87154 1.62261 0 139.075
-1.87437 1.61168 0 139.309
-1.88324 1.60594 0 139.544
-1.89285 1.6008 0 139.779
-1.89172 1.58661 0 140.013
-1.89897 1.5795 0 140.248
-1.91314 1.57807 0 140.482
-1.91571 1.56706 0 140.717
-1.92444 1.5611 0 140.951
-1.93081 1.55321 0 141.186
-1.93793 1.54591 0 141.42
-1.94346 1.53735 0 141.655
-1.95131 1.53061 0 141.889
-1.95756 1.52261 0 142.124
-1.95744 1.5097 0 142.358
-7.94339 6.07475 0 142.593
-7.96819 6.04219 0 142.827
-7.99285 6.00952 0 143.062
-8.01738 5.97675 0 143.296
-0.172094 0.127199 0 143.531
-0.167774 0.122947 0 143.765
-0.177984 0.129313 0 144
-8.11416 5.84469 0 144.235
-8.13802 5.81142 0 144.469
-8.16174 5.77806 0 144.704
-8.18532 5.74461 0 144.938
-8.20877 5.71106 0 145.173
-0.222266 0.15329 0 145.407
-0.211334 0.144478 0 145.642
-0.211096 0.143051 0 145.876
-0.21085 0.141628 0 146.111
-0.220584 0.146859 0 146.345
-0.220349 0.145405 0 146.58
-0.222616 0.145596 0 146.814
-0.222371 0.14414 0 147.049
-0.214545 0.137823 0 147.283
-0.210046 0.133722 0 147.518
-0.216512 0.136596 0 147.752
-8.47928 5.30112 0 147.987
-0.255877 0.158518 0 148.222
-8.52239 5.23153 0 148.456
-8.54373 5.1966 0 148.691
-8.56493 5.16158 0 148.925
-8.58599 5.12648 0 149.16
-0.407106 0.240818 0 149.394
-8.62767 5.05602 0 149.629
-8.64829 5.02066 0 149.863
-8.66877 4.98522 0 150.098
-0.541331 0.308366 0 150.332
-8.70929 4.91409 0 150.567
-0.545583 0.3049 0 150.801
-0.541577 0.299758 0 151.036
-0.543677 0.29802 0 151.27
-8.78858 4.77084 0 151.505
-0.558429 0.300188 0 151.739
-8.82734 4.69873 0 151.974
-0.559983 0.29514 0 152.208
-0.562073 0.293308 0 152.443
-0.575707 0.297431 0 152.678
-0.563565 0.288241 0 152.912
-0.548682 0.277801 0 153.147
-8.94007 4.48054 0 153.381
-0.558104 0.276855 0 153.616
-8.97645 4.4072 0 153.85
-8.99441 4.37042 0 154.085
-9.01223 4.33357 0 154.319
-9.02989 4.29664 0 154.554
-0.464132 0.21852 0 154.788
-9.06476 4.22257 0 155.023
-9.08197 4.18543 0 155.257
-9.09902 4.14822 0 155.492
-0.237926 0.107296 0 155.726
-0.242016 0.10795 0 155.961
-0.25435 0.112206 0 156.195
-9.16572 3.9987 0 156.43
-0.222205 0.0958597 0 156.665
-0.215237 0.0918105 0 156.899
-0.215611 0.0909287 0 157.134
-0.215058 0.0896606 0 157.368
-0.223744 0.0922088 0 157.603
-0.223194 0.090915 0 157.837
-0.222636 0.0896272 0 158.072
-0.221143 0.0879758 0 158.306
-0.220571 0.086704 0 158.541
-0.220924 0.0858005 0 158.775
-0.219406 0.084179 0 159.01
-0.2291 0.0868241 0 159.244
-0.226643 0.0848339 0 159.479
-0.23543 0.0870259 0 159.713
-0.229209 0.0836614 0 159.948
-0.226727 0.0817054 0 160.182
-0.226118 0.0804415 0 160.417
-0.225501 0.079184 0 160.651
-0.227713 0.0789151 0 160.886
-0.237497 0.0812182 0 161.121
-0.232142 0.0783271 0 161.355
-0.230563 0.0767446 0 161.59
-0.225175 0.0739286 0 161.824
-0.239746 0.077627 0 162.059
-0.241967 0.0772533 0 162.293
-9.53862 3.00245 0 162.528
-9.55083 2.96338 0 162.762
-9.56288 2.92426 0 162.997
-0.371501 0.111942 0 163.231
-9.5865 2.84588 0 163.466
-9.59807 2.80661 0 163.7
-0.439153 0.126466 0 163.935
-0.442553 0.125485 0 164.169
-0.443063 0.123673 0 164.404
-9.64273 2.64909 0 164.638
-9.6535 2.6096 0 164.873
-9.6641 2.57006 0 165.107
-0.222514 0.0582011 0 165.342
-0.227593 0.0585353 0 165.577
-0.220075 0.0556422 0 165.811
-9.70488 2.41149 0 166.046
-0.269096 0.0656975 0 166.28
-0.250887 0.0601647 0 166.515
-0.252104 0.0593664 0 166.749
-9.74306 2.25228 0 166.984
-0.19992 0.0453538 0 167.218
-0.187415 0.0417109 0 167.453
-0.178791 0.0390242 0 167.687
-0.180905 0.0387105 0 167.922
-0.175189 0.0367382 0 168.156
-0.187093 0.0384356 0 168.391
-0.186268 0.0374723 0 168.625
-0.180533 0.0355503 0 168.86
-0.174785 0.0336759 0 169.094
-0.172956 0.0325898 0 169.329
-0.181939 0.0335119 0 169.564
-0.169281 0.0304643 0 169.798
-0.180238 0.0316751 0 170.033
-0.175438 0.0300918 0 170.267
-0.179505 0.0300335 0 170.502
-0.183574 0.0299424 0 170.736
-9.87608 1.5694 0 170.971
-0.200613 0.0310378 0 171.205
-0.208649 0.0314072 0 171.44
-0.200861 0.0293945 0 171.674
-0.197019 0.0280091 0 171.909
-0.197132 0.0272024 0 172.143
-0.206162 0.027589 0 172.378
-0.200323 0.0259734 0 172.612
-0.20142 0.0252777 0 172.847
-0.196558 0.0238508 0 173.081
-0.194668 0.0228132 0 173.316
-0.200722 0.0226902 0 173.551
-0.196836 0.0214353 0 173.785
-0.197917 0.0207336 0 174.02
-0.21392 0.0215252 0 174.254
-0.216992 0.0209375 0 174.489
-0.218072 0.0201411 0 174.723
-0.214168 0.0188967 0 174.958
-0.203282 0.017098 0 175.192
-0.204347 0.0163455 0 175.427
-0.206407 0.0156602 0 175.661
-0.215446 0.0154593 0 175.896
-0.203535 0.0137675 0 176.13
-0.206584 0.0131245 0 176.365
-0.212625 0.0126346 0 176.599
-0.218666 0.0120956 0 176.834
-0.211723 0.0108424 0 177.068
-0.211765 0.0099757 0 177.303
-0.207808 0.00893694 0 177.537
-0.204845 0.00796962 0 177.772
-0.201878 0.00702671 0 178.007
-0.2129 0.00653796 0 178.241
-0.213924 0.00569305 0 178.476
-9.99747 0.22511 0 178.71
-0.186968 0.00344427 0 178.945
-0.19498 0.00279354 0 179.179
-0.19699 0.00201588 0 179.414
-0.203996 0.0012525 0 179.648
-0.203 0.000415437 0 179.883
-0.2 -0.000409358 0 180.117
-0.207996 -0.00127713 0 180.352
-0.19199 -0.00196477 0 180.586
-0.203979 -0.00292253 0 180.821
-0.201966 -0.00372061 0 181.055
-0.184953 -0.00416459 0 181.29
-0.192932 -0.00513444 0 181.524
-0.210901 -0.00647663 0 181.759
-0.199879 -0.0069572 0 181.993
-0.199849 -0.0077753 0 182.228
-0.203812 -0.00876514 0 182.463
-0.200777 -0.00945815 0 182.697
-9.98691 -0.511438 0 182.932
-0.178727 -0.00988641 0 183.166
-0.174692 -0.0103806 0 183.401
-0.18862 -0.0119833 0 183.635
-9.9772 -0.674879 0 183.87
-9.97435 -0.715713 0 184.104
-9.97134 -0.756535 0 184.339
-9.96816 -0.797344 0 184.573
-9.96481 -0.83814 0 184.808
-9.9613 -0.878921 0 185.042
-9.95762 -0.919688 0 185.277
-9.95377 -0.96044 0 185.511
-9.94976 -1.00118 0 185.746
-9.94557 -1.04189 0 185.98
-4.43776 -0.48327 0 186.215
-9.93671 -1.12328 0 186.45
-0.182749 -0.0214165 0 186.684
-0.18266 -0.0221644 0 186.919
-0.182568 -0.0229119 0 187.153
-0.186439 -0.0241733 0 187.388
-0.173454 -0.023212 0 187.622
-0.179301 -0.0247419 0 187.857
-9.90045 -1.40749 0 188.091
-9.89461 -1.44801 0 188.326
-9.8886 -1.4885 0 188.56
-9.88242 -1.52896 0 188.795
-9.87608 -1.5694 0 189.029
-9.86957 -1.60981 0 189.264
-0.189368 -0.0316838 0 189.498
-0.178395 -0.030599 0 189.733
-0.184177 -0.0323675 0 189.967
-0.191917 -0.0345381 0 190.202
-0.180956 -0.0333308 0 190.436
-0.187697 -0.0353674 0 190.671
-0.184605 -0.0355678 0 190.906
-9.81158 -1.93208 0 191.14
-0.210777 -0.0424029 0 191.375
-0.217459 -0.0446739 0 191.609
-0.207487 -0.0435113 0 191.844
-0.205351 -0.0439417 0 192.078
-0.200285 -0.0437157 0 192.313
-0.206937 -0.0460558 0 192.547
-0.210647 -0.0477875 0 192.782
-0.207527 -0.0479736 0 193.016
-0.202462 -0.0476766 0 193.251
-0.2081 -0.0499041 0 193.485
-0.214694 -0.0524157 0 193.72
-0.212537 -0.0528118 0 193.954
-0.214258 -0.0541716 0 194.189
-0.214034 -0.0550481 0 194.423
-0.211872 -0.0554177 0 194.658
-0.208744 -0.0555134 0 194.893
-0.20755 -0.0561064 0 195.127
-0.201533 -0.0553661 0 195.362
-0.18782 -0.0524266 0 195.596
-0.186642 -0.0529221 0 195.831
-0.194111 -0.0558995 0 196.065
-0.177564 -0.0519224 0 196.3
-9.5865 -2.84588 0 196.534
-0.187665 -0.0565478 0 196.769
-0.184564 -0.0564383 0 197.003
-0.17287 -0.0536372 0 197.238
-0.168834 -0.0531434 0 197.472
-0.177188 -0.0565713 0 197.707
-9.51372 -3.08044 0 197.941
-9.50103 -3.11935 0 198.176
-9.48818 -3.15822 0 198.41
-9.47518 -3.19703 0 198.645
-3.48202 -1.19077 0 198.88
-3.45727 -1.19814 0 199.114
-3.43819 -1.20731 0 199.349
-9.42157 -3.35173 0 199.583
-3.33129 -1.20049 0 199.818
-9.39381 -3.42875 0 200.052
-3.38044 -1.24957 0 200.287
-3.37905 -1.2648 0 200.521
-3.34766 -1.2687 0 200.756
-9.33641 -3.58209 0 200.99
-3.22716 -1.25334 0 201.225
-3.19688 -1.25666 0 201.459
-9.29172 -3.69647 0 201.694
-3.10392 -1.24955 0 201.928
-3.09693 -1.26149 0 202.163
-3.08434 -1.27111 0 202.397
-9.22996 -3.8481 0 202.632
-3.07383 -1.29632 0 202.866
-3.05654 -1.30379 0 203.101
-3.04935 -1.3155 0 203.336
-3.03385 -1.32357 0 203.57
-3.03756 -1.34001 0 203.805
-3.02566 -1.34958 0 204.039
-3.02558 -1.36442 0 204.274
-3.01451 -1.37431 0 204.508
-3.01521 -1.38957 0 204.743
-2.98956 -1.39261 0 204.977
-9.0474 -4.25965 0 205.212
-9.02989 -4.29664 0 205.446
-9.01222 -4.33357 0 205.681
-8.99441 -4.37042 0 205.915
-0.372522 -0.182899 0 206.15
-8.95833 -4.44391 0 206.384
-0.358497 -0.17967 0 206.619
-8.92165 -4.5171 0 206.853
-8.90309 -4.55358 0 207.088
-8.88437 -4.58998 0 207.322
-8.86551 -4.62631 0 207.557
-0.205239 -0.108171 0 207.792
-0.200381 -0.106661 0 208.026
-0.191134 -0.102746 0 208.261
-0.203895 -0.110683 0 208.495
-0.206948 -0.11344 0 208.73
-0.205607 -0.113802 0 208.964
-0.200775 -0.112203 0 209.199
-0.186379 -0.105162 0 209.433
-8.6891 -4.9497 0 209.668
-0.187245 -0.107681 0 209.902
-0.184209 -0.10694 0 210.137
-0.176004 -0.103143 0 210.371
-0.179023 -0.105899 0 210.606
-0.178589 -0.106631 0 210.84
-0.181577 -0.109426 0 211.075
-0.182836 -0.111207 0 211.309
-8.52239 -5.23153 0 211.544
-0.181069 -0.112174 0 211.779
-0.178065 -0.111324 0 212.013
-0.184374 -0.11632 0 212.248
-0.17293 -0.110092 0 212.482
-0.171636 -0.110259 0 212.717
-8.39135 -5.43924 0 212.951
-8.36901 -5.47354 0 213.186
-8.34654 -5.50775 0 213.42
-8.32392 -5.54187 0 213.655
-0.368572 -0.24757 0 213.889
-0.367555 -0.249076 0 214.124
-0.371486 -0.253965 0 214.358
-8.23207 -5.67741 0 214.593
-0.385812 -0.26842 0 214.827
-0.396988 -0.278614 0 215.062
-8.16174 -5.77807 0 215.296
-0.441894 -0.31556 0 215.531
-8.11416 -5.84469 0 215.765
-0.483792 -0.351496 0 216
-8.06604 -5.91092 0 216.235
-0.509045 -0.376248 0 216.469
-8.01738 -5.97675 0 216.704
-0.594668 -0.447108 0 216.938
-0.592833 -0.449539 0 217.173
-7.94339 -6.07475 0 217.407
-0.479066 -0.369487 0 217.642
-0.472814 -0.367761 0 217.876
-0.469731 -0.368459 0 218.111
-0.474493 -0.375341 0 218.345
-0.471389 -0.376033 0 218.58
-0.480755 -0.386735 0 218.814
-0.49237 -0.399409 0 219.049
-0.490731 -0.401421 0 219.283
-0.502198 -0.414244 0 219.518
-0.493579 -0.410541 0 219.752
-0.504153 -0.42284 0 219.987
-0.488674 -0.413276 0 220.222
-0.494588 -0.421762 0 220.456
-0.49589 -0.426391 0 220.691
-0.512274 -0.444139 0 220.925
-7.52879 -6.58159 0 221.16
-0.522875 -0.460881 0 221.394
-7.47466 -6.643 0 221.629
-7.4474 -6.67354 0 221.863
-7.42002 -6.70397 0 222.098
-2.61917 -2.38596 0 222.332
-2.61675 -2.40342 0 222.567
-2.60762 -2.41479 0 222.801
-2.59114 -2.41931 0 223.036
-7.28127 -6.85442 0 223.27
-7.25316 -6.88417 0 223.505
-1.71881 -1.64479 0 223.739
-1.71134 -1.65112 0 223.974
-1.70313 -1.65672 0 224.208
-1.69348 -1.66087 0 224.443
-1.68809 -1.6692 0 224.678
-1.68974 -1.68457 0 224.912
-1.68283 -1.69147 0 225.147
-1.66677 -1.68909 0 225.381
-1.66264 -1.69876 0 225.616
-1.65428 -1.70411 0 225.85
-1.64798 -1.71159 0 226.085
-1.63958 -1.71687 0 226.319
-1.63254 -1.72357 0 226.554
-1.63368 -1.73899 0 226.788
-1.62451 -1.74346 0 227.023
-1.61804 -1.75083 0 227.257
-1.61153 -1.75818 0 227.492
-1.60432 -1.76476 0 227.726
-1.59708 -1.77131 0 227.961
-1.59182 -1.78007 0 228.195
-1.58386 -1.78582 0 228.43
-1.57521 -1.79079 0 228.665
-1.56787 -1.79722 0 228.899
-1.56115 -1.80438 0 229.134
-1.5518 -1.80848 0 229.368
-1.54504 -1.81558 0 229.603
-1.53695 -1.82112 0 229.837
-1.52948 -1.8274 0 230.072
-1.52965 -1.84288 0 230.306
-1.52273 -1.8499 0 230.541
-1.51704 -1.85844 0 230.775
-1.50816 -1.86308 0 231.01
-1.50178 -1.87079 0 231.244
-1.49099 -1.87301 0 231.479
-1.49199 -1.89009 0 231.713
-1.48424 -1.89618 0 231.948
-1.47708 -1.90303 0 232.182
-1.46988 -1.90985 0 232.417
-1.46084 -1.91426 0 232.651
-1.46084 -1.93059 0 232.886
-1.45232 -1.93576 0 233.121
-1.44498 -1.94249 0 233.355
-1.43643 -1.94758 0 233.59
-1.42844 -1.95345 0 233.824
-1.42044 -1.95928 0 234.059
-1.41824 -1.97319 0 234.293
-1.40899 -1.97735 0 234.528
-5.76971 -8.16765 0 234.762
-5.73623 -8.1912 0 234.997
-5.70265 -8.21461 0 235.231
-2.05217 -2.98211 0 235.466
-2.04558 -2.99875 0 235.7
-2.04001 -3.01704 0 235.935
-2.0282 -3.02619 0 236.169
-2.01524 -3.03364 0 236.404
-2.00171 -3.04019 0 236.638
-5.46497 -8.37461 0 236.873
-1.98381 -3.06739 0 237.107
-1.97232 -3.07717 0 237.342
-1.96453 -3.09281 0 237.577
-1.95239 -3.10168 0 237.811
-1.93968 -3.10964 0 238.046
-1.93324 -3.12776 0 238.28
-1.91729 -3.13053 0 238.515
-1.87697 -3.09304 0 238.749
-1.88026 -3.12727 0 238.984
-1.87666 -3.1504 0 239.218
-1.87289 -3.17356 0 239.453
-1.86544 -3.1907 0 239.687
-1.85186 -3.19744 0 239.922
-1.83926 -3.20586 0 240.156
-1.83007 -3.22032 0 240.391
-1.82325 -3.23911 0 240.625
-1.80998 -3.24655 0 240.86
-1.79522 -3.2513 0 241.094
-1.78766 -3.26915 0 241.329
-1.77379 -3.27556 0 241.564
-1.76745 -3.29602 0 241.798
-1.75301 -3.30146 0 242.033
-1.74553 -3.32011 0 242.267
-1.71761 -3.29973 0 242.502
-1.71508 -3.32807 0 242.736
-1.71235 -3.35644 0 242.971
-1.7013 -3.36877 0 243.205
-1.6884 -3.3775 0 243.44
-1.67677 -3.38886 0 243.674
-4.39801 -8.98095 0 243.909
-4.36121 -8.99888 0 244.143
-4.32434 -9.01665 0 244.378
-1.25364 -2.64162 0 244.612
-1.24749 -2.65669 0 244.847
-4.2133 -9.06908 0 245.081
-4.17614 -9.08625 0 245.316
-1.57941 -3.47381 0 245.55
-4.10161 -9.12013 0 245.785
-1.53222 -3.44459 0 246.02
-4.02681 -9.1534 0 246.254
-1.19081 -2.73719 0 246.489
-1.17051 -2.72091 0 246.723
-1.15505 -2.71556 0 246.958
-3.87641 -9.2181 0 247.192
-3.83865 -9.23389 0 247.427
-3.80082 -9.24953 0 247.661
-3.76293 -9.26501 0 247.896
-1.03778 -2.5855 0 248.13
-3.68695 -9.2955 0 248.365
-0.980817 -2.50267 0 248.599
-0.971287 -2.50853 0 248.834
-0.956366 -2.50034 0 249.068
-0.937288 -2.48085 0 249.303
-0.920483 -2.46686 0 249.537
-0.907612 -2.4631 0 249.772
-0.900257 -2.47431 0 250.007
-0.889107 -2.47515 0 250.241
-0.868274 -2.44861 0 250.476
-0.859565 -2.45592 0 250.71
-0.841017 -2.43484 0 250.945
-0.82201 -2.41176 0 251.179
-0.803844 -2.39046 0 251.414
-3.1485 -9.49141 0 251.648
-3.10963 -9.50422 0 251.883
-0.721614 -2.23646 0 252.117
-0.717001 -2.25369 0 252.352
-0.706573 -2.25279 0 252.586
-2.9536 -9.55386 0 252.821
-2.91447 -9.56587 0 253.055
-0.585984 -1.95194 0 253.29
-0.581393 -1.96583 0 253.524
-0.573901 -1.97011 0 253.759
-0.566107 -1.97341 0 253.993
-2.7181 -9.62351 0 254.228
-0.62065 -2.23233 0 254.463
-0.608605 -2.22424 0 254.697
-0.592996 -2.20257 0 254.932
-0.580391 -2.19145 0 255.166
-2.52058 -9.67712 0 255.401
-0.524721 -2.04888 0 255.635
-0.511691 -2.03258 0 255.87
-0.504088 -2.03757 0 256.104
-0.496924 -2.04448 0 256.339
-0.488087 -2.04455 0 256.573
-0.480627 -2.05042 0 256.808
-0.473575 -2.05822 0 257.042
-0.466027 -2.06404 0 257.277
-0.45671 -2.06203 0 257.511
-2.12247 -9.77216 0 257.746
-2.08245 -9.78077 0 257.98
-2.0424 -9.78921 0 258.215
-0.135757 -0.66427 0 258.45
-1.96219 -9.8056 0 258.684
-1.92204 -9.81355 0 258.919
-0.112158 -0.585352 0 259.153
-0.10792 -0.575977 0 259.388
-0.106822 -0.583299 0 259.622
-0.10549 -0.589638 0 259.857
-0.102732 -0.588095 0 260.091
-0.0999876 -0.586539 0 260.326
-0.0974219 -0.585956 0 260.56
-0.0943827 -0.582402 0 260.795
-0.092154 -0.583771 0 261.029
-0.0903712 -0.588097 0 261.264
-1.47837 -9.89012 0 261.498
-0.0806649 -0.55517 0 261.733
-0.0783918 -0.555496 0 261.967
-0.0770671 -0.562747 0 262.202
-0.074763 -0.563058 0 262.436
-0.0728403 -0.566335 0 262.671
-0.0707686 -0.568613 0 262.906
-0.068321 -0.567905 0 263.14
-0.0649575 -0.55924 0 263.375
-0.0626678 -0.559501 0 263.609
-0.0608061 -0.56373 0 263.844
-0.0582917 -0.561985 0 264.078
-0.0577747 -0.58013 0 264.313
-0.0566349 -0.593303 0 264.547
-0.0542968 -0.594526 0 264.782
-0.051689 -0.592751 0 265.016
-0.0490139 -0.589967 0 265.251
-0.0459689 -0.582188 0 265.485
-0.746327 -9.97211 0 265.72
-0.705502 -9.97508 0 265.954
-0.0354931 -0.532819 0 266.189
-0.0325009 -0.519985 0 266.423
-0.0303139 -0.519116 0 266.658
-0.028243 -0.520234 0 266.893
-0.0262135 -0.522343 0 267.127
-0.0241673 -0.524443 0 267.362
-0.0216429 -0.515546 0 267.596
-0.0194189 -0.512632 0 267.831
-0.0172866 -0.511708 0 268.065
-0.0152809 -0.514773 0 268.3
-0.0131225 -0.512832 0 268.534
-0.0109158 -0.507883 0 268.769
-0.0089586 -0.514922 0 269.003
-0.00693063 -0.520954 0 269.238
-0.00471528 -0.511978 0 269.472
-0.00268608 -0.524993 0 269.707
-0.000524847 -0.513 0 269.941
0.001575 -0.512998 0 270.176
0.00367483 -0.512987 0 270.41
0.00572956 -0.508968 0 270.645
0.00778216 -0.50694 0 270.879
0.00977937 -0.502905 0 271.114
0.0118613 -0.50386 0 271.349
0.276264 -9.99618 0 271.583
0.0158272 -0.498749 0 271.818
0.0179044 -0.499679 0 272.052
0.0201092 -0.503599 0 272.287
0.0224343 -0.509506 0 272.521
0.0238466 -0.495426 0 272.756
0.0265524 -0.508307 0 272.99
0.0279015 -0.495215 0 273.225
0.029506 -0.488109 0 273.459
0.031697 -0.490978 0 273.694
0.0330898 -0.481865 0 273.928
0.0358605 -0.492697 0 274.163
0.0371102 -0.482575 0 274.397
0.0387622 -0.478432 0 274.632
0.0394477 -0.463324 0 274.866
0.041166 -0.461166 0 275.101
0.0423095 -0.453029 0 275.336
0.043484 -0.445885 0 275.57
0.0457133 -0.449682 0 275.805
0.0468172 -0.44253 0 276.039
1.09277 -9.94011 0 276.274
1.13345 -9.93556 0 276.508
0.04262 -0.360489 0 276.743
1.21475 -9.92595 0 276.977
0.0440633 -0.348223 0 277.212
0.043674 -0.334158 0 277.446
0.0438385 -0.325057 0 277.681
0.0444801 -0.319923 0 277.915
0.0459311 -0.320728 0 278.15
0.0470977 -0.319548 0 278.384
0.0484053 -0.319352 0 278.619
0.048173 -0.309271 0 278.853
0.051176 -0.319933 0 279.088
0.0510272 -0.31084 0 279.323
0.0509709 -0.302739 0 279.557
0.0549307 -0.318295 0 279.792
0.0532735 -0.301327 0 280.026
0.0575346 -0.317835 0 280.261
0.0601101 -0.324479 0 280.495
0.0599484 -0.31637 0 280.73
0.0618135 -0.319068 0 280.964
0.063119 -0.318812 0 281.199
0.0642252 -0.317571 0 281.433
0.0653223 -0.316326 0 281.668
0.0674416 -0.31997 0 281.902
0.0687507 -0.319691 0 282.137
0.0704872 -0.32136 0 282.371
0.0704926 -0.315214 0 282.606
0.0726712 -0.318823 0 282.84
0.0730707 -0.314626 0 283.075
0.0738975 -0.312378 0 283.309
0.0754098 -0.313045 0 283.544
0.075976 -0.30982 0 283.779
0.0772435 -0.309507 0 284.013
0.0787559 -0.310157 0 284.248
0.0825256 -0.319515 0 284.482
0.0840868 -0.320141 0 284.717
0.0859125 -0.321727 0 284.951
0.0869667 -0.320407 0 285.186
0.0885434 -0.321013 0 285.42
0.0903964 -0.322573 0 285.655
0.0911684 -0.320277 0 285.889
0.094978 -0.328547 0 286.124
0.0926607 -0.315682 0 286.358
2.85569 -9.58358 0 286.593
0.0981368 -0.324484 0 286.827
0.0994642 -0.32408 0 287.062
0.101979 -0.327489 0 287.296
0.102415 -0.324208 0 287.531
0.101606 -0.31712 0 287.765
0.10692 -0.329066 0 288
0.109205 -0.331474 0 288.235
0.110244 -0.330076 0 288.469
0.108387 -0.32015 0 288.704
0.11424 -0.332946 0 288.938
0.111333 -0.320197 0 289.173
0.11663 -0.331057 0 289.407
0.119665 -0.335285 0 289.642
0.127836 -0.353601 0 289.876
0.134096 -0.366222 0 290.111
3.47677 -9.37614 0 290.345
3.51512 -9.36183 0 290.58
3.55341 -9.34737 0 290.814
3.59164 -9.33274 0 291.049
3.62981 -9.31796 0 291.283
3.66792 -9.30303 0 291.518
3.70597 -9.28794 0 291.752
0.327596 -0.81136 0 291.987
0.328646 -0.804458 0 292.221
0.331936 -0.803106 0 292.456
0.339464 -0.811889 0 292.691
0.342784 -0.810493 0 292.925
0.340986 -0.797131 0 293.16
0.344643 -0.796646 0 293.394
0.348302 -0.796145 0 293.629
0.351558 -0.794713 0 293.863
0.353991 -0.791441 0 294.098
0.358052 -0.791808 0 294.332
0.365447 -0.79943 0 294.567
0.368297 -0.79702 0 294.801
0.368171 -0.788258 0 295.036
0.368406 -0.780414 0 295.27
4.30588 -9.02549 0 295.505
4.34279 -9.00778 0 295.739
0.653002 -1.3404 0 295.974
0.665991 -1.35297 0 296.208
0.675977 -1.35918 0 296.443
0.675249 -1.3439 0 296.678
0.681197 -1.34201 0 296.912
0.687141 -1.3401 0 297.147
0.69354 -1.33905 0 297.381
0.697161 -1.33266 0 297.616
0.704479 -1.33333 0 297.85
0.704282 -1.31985 0 298.085
0.714422 -1.32576 0 298.319
0.720799 -1.32458 0 298.554
0.720917 -1.31198 0 298.788
0.725311 -1.30727 0 299.023
0.730656 -1.30429 0 299.257
0.736481 -1.30216 0 299.492
0.741805 -1.29913 0 299.726
0.747616 -1.29695 0 299.961
0.752415 -1.29301 0 300.195
0.758208 -1.29079 0 300.43
0.763995 -1.28853 0 300.665
0.768236 -1.28368 0 300.899
0.766763 -1.2694 0 301.134
0.765706 -1.256 0 301.368
5.24025 -8.51703 0 301.603
0.783875 -1.26243 0 301.837
0.781071 -1.2465 0 302.072
0.788305 -1.24668 0 302.306
0.793401 -1.24344 0 302.541
0.79686 -1.23766 0 302.775
0.803554 -1.2369 0 303.01
0.80861 -1.2336 0 303.244
0.814204 -1.23112 0 303.479
0.817572 -1.22528 0 303.713
0.823139 -1.22275 0 303.948
0.828699 -1.2202 0 304.182
0.833686 -1.2168 0 304.417
0.837523 -1.21173 0 304.651
0.844764 -1.21157 0 304.886
0.84914 -1.20728 0 305.121
0.854075 -1.2038 0 305.355
0.858995 -1.20029 0 305.59
0.866243 -1.20001 0 305.824
0.862907 -1.18514 0 306.059
0.866567 -1.17998 0 306.293
0.873175 -1.17884 0 306.528
0.877395 -1.17445 0 306.762
0.876779 -1.16366 0 306.997
0.888795 -1.16962 0 307.231
0.886276 -1.15644 0 307.466
0.891613 -1.1536 0 307.7
0.895713 -1.14915 0 307.935
0.900409 -1.14547 0 308.169
0.906333 -1.14335 0 308.404
0.91163 -1.14041 0 308.638
0.916918 -1.13745 0 308.873
0.921566 -1.13368 0 309.108
0.926199 -1.1299 0 309.342
0.930816 -1.1261 0 309.577
0.935417 -1.12228 0 309.811
0.941934 -1.12074 0 310.046
0.946513 -1.11687 0 310.28
0.949128 -1.11071 0 310.515
0.94975 -1.10227 0 310.749
0.952286 -1.09611 0 310.984
0.956106 -1.09145 0 311.218
0.960566 -1.08753 0 311.453
0.966339 -1.08508 0 311.687
0.971441 -1.08186 0 311.922
0.973848 -1.07565 0 312.156
0.980265 -1.07387 0 312.391
0.984652 -1.06985 0 312.625
0.987663 -1.06434 0 312.86
0.990645 -1.05883 0 313.094
0.999774 -1.05986 0 313.329
1.00066 -1.05213 0 313.564
1.00496 -1.04803 0 313.798
1.00854 -1.04319 0 314.033
1.0142 -1.04048 0 314.267
1.01915 -1.03704 0 314.502
1.02902 -1.03854 0 314.736
1.02619 -1.02724 0 314.971
1.03039 -1.02303 0 315.205
1.03243 -1.0167 0 315.44
1.04588 -1.02155 0 315.674
1.04216 -1.00961 0 315.909
1.04628 -1.00533 0 316.143
1.05763 -1.00794 0 316.378
1.06174 -1.00361 0 316.612
1.06657 -0.999935 0 316.847
1.06992 -0.99488 0 317.081
1.06222 -0.979645 0 317.316
1.08025 -0.988112 0 317.551
1.08132 -0.980995 0 317.785
1.08607 -0.977229 0 318.02
1.08782 -0.970778 0 318.254
1.09328 -0.967643 0 318.489
1.09648 -0.9625 0 318.723
1.09966 -0.957347 0 318.958
1.10433 -0.953491 0 319.192
1.10746 -0.948312 0 319.427
1.10981 -0.942477 0 319.661
1.11136 -0.935993 0 319.896
1.11825 -0.934001 0 320.13
1.12207 -0.929416 0 320.365
1.1135 -0.914659 0 320.599
1.11801 -0.910725 0 320.834
1.11239 -0.8986 0 321.068
7.80463 -6.25203 0 321.303
7.83015 -6.22003 0 321.537
0.297725 -0.234522 0 321.772
0.298683 -0.233302 0 322.007
0.299635 -0.232077 0 322.241
0.291859 -0.224149 0 322.476
0.286409 -0.218105 0 322.71
0.284107 -0.214521 0 322.945
0.28098 -0.210359 0 323.179
0.281036 -0.208612 0 323.414
0.275444 -0.202717 0 323.648
0.280311 -0.204536 0 323.883
0.282766 -0.204559 0 324.117
0.286039 -0.205148 0 324.352
0.278726 -0.198181 0 324.586
0.281987 -0.198766 0 324.821
0.284438 -0.198756 0 325.055
0.277851 -0.192465 0 325.29
0.279461 -0.191892 0 325.524
0.280244 -0.190747 0 325.759
0.281851 -0.190158 0 325.993
0.282627 -0.189002 0 326.228
0.281731 -0.186739 0 326.463
0.283329 -0.186133 0 326.697
0.283251 -0.184426 0 326.932
0.293246 -0.18923 0 327.166
0.290648 -0.185873 0 327.401
0.290562 -0.184146 0 327.635
0.288773 -0.18136 0 327.87
0.287815 -0.179119 0 328.104
0.297057 -0.183189 0 328.339
0.296951 -0.18145 0 328.573
0.297691 -0.180233 0 328.808
0.295854 -0.177469 0 329.042
0.298297 -0.177279 0 329.277
0.308499 -0.181637 0 329.511
0.30924 -0.180373 0 329.746
0.30911 -0.178605 0 329.98
0.310707 -0.177835 0 330.215
0.317521 -0.180014 0 330.45
0.318256 -0.178713 0 330.684
0.31811 -0.176923 0 330.919
0.328467 -0.180927 0 331.153
0.323938 -0.176707 0 331.388
0.329057 -0.177756 0 331.622
0.328019 -0.175464 0 331.857
0.331385 -0.175524 0 332.091
0.333872 -0.175095 0 332.326
0.327486 -0.170041 0 332.56
0.329958 -0.169613 0 332.795
0.331541 -0.168715 0 333.029
0.344732 -0.173655 0 333.264
0.34365 -0.17135 0 333.498
0.343452 -0.169499 0 333.733
0.341447 -0.166775 0 333.967
0.341226 -0.164941 0 334.202
0.340095 -0.16268 0 334.436
0.333527 -0.157864 0 334.671
0.337792 -0.158194 0 334.906
0.33753 -0.156389 0 335.14
0.340894 -0.156256 0 335.375
0.33971 -0.154034 0 335.609
0.338512 -0.151824 0 335.844
0.348272 -0.154492 0 336.078
0.349817 -0.153466 0 336.313
0.350442 -0.152033 0 336.547
0.356576 -0.152963 0 336.782
0.357199 -0.151502 0 337.016
0.358738 -0.150425 0 337.251
0.362122 -0.150104 0 337.485
0.362734 -0.148621 0 337.72
0.36612 -0.148261 0 337.954
0.36858 -0.147504 0 338.189
0.370111 -0.146362 0 338.423
0.361393 -0.141206 0 338.658
0.362901 -0.140086 0 338.893
0.364405 -0.138956 0 339.127
0.372458 -0.140283 0 339.362
0.36928 -0.137362 0 339.596
0.367962 -0.13516 0 339.831
0.364751 -0.132289 0 340.065
0.351168 -0.125738 0 340.3
0.336594 -0.118968 0 340.534
0.336134 -0.11726 0 340.769
0.339448 -0.11686 0 341.003
0.334242 -0.113539 0 341.238
0.329015 -0.110264 0 341.472
0.330413 -0.10923 0 341.707
0.331808 -0.108186 0 341.941
0.332248 -0.106827 0 342.176
0.332683 -0.105466 0 342.41
0.333112 -0.104104 0 342.645
0.343092 -0.105683 0 342.879
0.344479 -0.104568 0 343.114
0.342988 -0.102584 0 343.349
0.339568 -0.100049 0 343.583
0.339014 -0.0983797 0 343.818
0.355759 -0.101662 0 344.052
0.356173 -0.100205 0 344.287
0.355616 -0.0984794 0 344.521
0.356016 -0.097023 0 344.756
0.350615 -0.094011 0 344.99
0.350997 -0.0925751 0 345.225
0.349437 -0.0906354 0 345.459
0.341084 -0.0869804 0 345.694
0.347257 -0.0870423 0 345.928
0.347611 -0.0856202 0 346.163
0.350874 -0.0849022 0 346.397
9.72905 -2.31206 0 346.632
0.351557 -0.0820269 0 346.866
0.350915 -0.080364 0 347.101
0.34929 -0.0784884 0 347.336
0.348632 -0.0768428 0 347.57
0.348944 -0.0754151 0 347.805
0.344358 -0.0729499 0 348.039
0.341716 -0.07093 0 348.274
0.354743 -0.0721207 0 348.508
0.352093 -0.0700824 0 348.743
0.351395 -0.0684494 0 348.977
0.351673 -0.0670104 0 349.212
0.352927 -0.0657535 0 349.446
0.353193 -0.0643084 0 349.681
0.363299 -0.0646131 0 349.915
0.354693 -0.0615859 0 350.15
0.354942 -0.0601335 0 350.384
0.355185 -0.0586801 0 350.619
0.366283 -0.0589743 0 350.853
0.355654 -0.0557704 0 351.088
0.367742 -0.0561247 0 351.323
0.367968 -0.0546189 0 351.557
0.36522 -0.052684 0 351.792
0.365432 -0.0511886 0 352.026
0.364648 -0.0495577 0 352.261
0.363856 -0.047934 0 352.495
0.365041 -0.0465708 0 352.73
0.374161 -0.0461786 0 352.964
0.362431 -0.0432256 0 353.199
0.364592 -0.0419704 0 353.433
0.363767 -0.0403674 0 353.668
0.366912 -0.0391967 0 353.902
0.368064 -0.0377967 0 354.137
0.370206 -0.0364859 0 354.371
0.371348 -0.0350643 0 354.606
0.375472 -0.0339037 0 354.84
0.379593 -0.0327099 0 355.075
0.379724 -0.0311559 0 355.309
0.373866 -0.0291351 0 355.544
0.370991 -0.0273837 0 355.779
0.383071 -0.0266993 0 356.013
0.374196 -0.024542 0 356.248
0.372297 -0.0228874 0 356.482
0.376381 -0.0215924 0 356.717
0.376466 -0.0200516 0 356.951
0.374548 -0.0184122 0 357.186
0.37462 -0.016879 0 357.42
0.373687 -0.0153045 0 357.655
0.381741 -0.0140694 0 357.889
0.384794 -0.0126049 0 358.124
0.396837 -0.0113736 0 358.358
0.403878 -0.00992099 0 358.593
0.404915 -0.00828819 0 358.827
0.412945 -0.00676167 0 359.062
0.405969 -0.00498537 0 359.296
0.408986 -0.00334814 0 359.531
0.409997 -0.00167812 0 359.766
0.413 1.25099e-07 0 360
9.99992 0.0409357 0 360.235
