-0.154856 -0.154856 0 -135
-0.165443 -0.166894 0 -134.75
-0.168919 -0.171893 0 -134.5
-0.168168 -0.172629 0 -134.25
-0.167413 -0.173361 0 -134
-0.161123 -0.168311 0 -133.75
-0.160387 -0.169012 0 -133.5
-0.158277 -0.168254 0 -133.25
-0.158906 -0.170405 0 -133
-0.158161 -0.171097 0 -132.75
-0.156061 -0.170311 0 -132.5
-0.155317 -0.17099 0 -132.25
-0.154569 -0.171666 0 -132
-0.153819 -0.172339 0 -131.75
-0.157704 -0.178251 0 -131.5
-0.156924 -0.178938 0 -131.25
-0.156142 -0.179621 0 -131
-0.153399 -0.178028 0 -130.75
-0.151321 -0.177175 0 -130.5
-0.150547 -0.177833 0 -130.25
-0.151055 -0.18002 0 -130
-0.151547 -0.182216 0 -129.75
-0.150751 -0.182875 0 -129.5
-0.149951 -0.183531 0 -129.25
-0.149149 -0.184184 0 -129
-0.148344 -0.184833 0 -128.75
-0.147536 -0.185478 0 -128.5
-0.146725 -0.18612 0 -128.25
-0.146527 -0.187547 0 -128
-0.145708 -0.188184 0 -127.75
-0.147929 -0.192785 0 -127.5
-0.148902 -0.195817 0 -127.25
-0.148047 -0.196464 0 -127
-0.147188 -0.197108 0 -126.75
-0.146326 -0.197749 0 -126.5
-0.139549 -0.190321 0 -126.25
-0.138717 -0.190928 0 -126
-0.14022 -0.194778 0 -125.75
-0.139369 -0.195388 0 -125.5
-0.139092 -0.196811 0 -125.25
-0.138232 -0.197416 0 -125
-0.137369 -0.198017 0 -124.75
-0.132539 -0.192846 0 -124.5
-0.131696 -0.193422 0 -124.25
-0.130851 -0.193995 0 -124
-0.133892 -0.200384 0 -123.75
-0.133017 -0.200966 0 -123.5
-0.132139 -0.201545 0 -123.25
-0.131258 -0.20212 0 -123
-0.130375 -0.20269 0 -122.75
-0.130027 -0.204101 0 -122.5
-0.129135 -0.204666 0 -122.25
-0.12824 -0.205228 0 -122
-0.127344 -0.205785 0 -121.75
-0.126445 -0.206339 0 -121.5
-0.126581 -0.208598 0 -121.25
-0.126184 -0.210006 0 -121
-0.124756 -0.209695 0 -120.75
-0.121809 -0.206791 0 -120.5
-0.12141 -0.208184 0 -120.25
-0.1205 -0.208712 0 -120
-0.119588 -0.209236 0 -119.75
-0.118674 -0.209756 0 -119.5
-0.119224 -0.212889 0 -119.25
-0.118778 -0.214282 0 -119
-0.119285 -0.217428 0 -118.75
-0.11929 -0.219704 0 -118.5
-0.11833 -0.220223 0 -118.25
-0.117368 -0.220737 0 -118
-0.116404 -0.221247 0 -117.75
-0.112205 -0.215544 0 -117.5
-0.111263 -0.216031 0 -117.25
-0.11032 -0.216515 0 -117
-0.110724 -0.219673 0 -116.75
-0.109765 -0.220154 0 -116.5
-0.108803 -0.220631 0 -116.25
-0.107839 -0.221103 0 -116
-0.106874 -0.221572 0 -115.75
-0.106767 -0.223841 0 -115.5
-0.107069 -0.227018 0 -115.25
-0.107345 -0.230202 0 -115
-0.10634 -0.230668 0 -114.75
-0.104088 -0.2284 0 -114.5
-0.104323 -0.231588 0 -114.25
-0.101684 -0.228386 0 -114
-0.100687 -0.228828 0 -113.75
-0.100485 -0.231099 0 -113.5
-0.0998702 -0.232454 0 -113.25
-0.098855 -0.232888 0 -113
-0.0978379 -0.233317 0 -112.75
-0.0964362 -0.232818 0 -112.5
-0.0957981 -0.234162 0 -112.25
-0.0947755 -0.234578 0 -112
-0.0956038 -0.239633 0 -111.75
-0.0952903 -0.241909 0 -111.5
-0.0949588 -0.244186 0 -111.25
-0.0938924 -0.244598 0 -111
-0.0921157 -0.243135 0 -110.75
-0.0917543 -0.245408 0 -110.5
-0.0906827 -0.245806 0 -110.25
-0.0889252 -0.24432 0 -110
-0.0878583 -0.244706 0 -109.75
-0.0851208 -0.240374 0 -109.5
-0.0840711 -0.240743 0 -109.25
-0.0839966 -0.243944 0 -109
-0.0851815 -0.250936 0 -108.75
-0.0828165 -0.247512 0 -108.5
-0.0829884 -0.25167 0 -108.25
-0.0828166 -0.254883 0 -108
-0.0820085 -0.256194 0 -107.75
-0.0808899 -0.25655 0 -107.5
-0.0797697 -0.2569 0 -107.25
-0.0795251 -0.260115 0 -107
-0.0783894 -0.260459 0 -106.75
-0.0778202 -0.262717 0 -106.5
-0.0766732 -0.263054 0 -106.25
-0.0755246 -0.263386 0 -106
-0.0746461 -0.264675 0 -105.75
-0.0732233 -0.264035 0 -105.5
-0.0720706 -0.264352 0 -105.25
-0.0709164 -0.264664 0 -105
-0.0700155 -0.265938 0 -104.75
-0.0693553 -0.268177 0 -104.5
-0.0686768 -0.270415 0 -104.25
-0.0674962 -0.270713 0 -104
-0.0675028 -0.275861 0 -103.75
-0.066065 -0.275181 0 -103.5
-0.0648637 -0.275466 0 -103.25
-0.0641111 -0.277695 0 -103
-0.0628988 -0.277973 0 -102.75
-0.0616853 -0.278244 0 -102.5
-0.0615315 -0.283397 0 -102.25
-0.0602944 -0.283663 0 -102
-0.0582415 -0.280007 0 -101.75
-0.0570192 -0.280258 0 -101.5
-0.0557958 -0.280505 0 -101.25
-0.0545714 -0.280745 0 -101
-0.0533459 -0.280981 0 -100.75
-0.0524838 -0.283177 0 -100.5
-0.0519595 -0.28734 0 -100.25
-0.0510526 -0.289533 0 -100
-0.0497888 -0.289753 0 -99.75
-0.048524 -0.289968 0 -99.5
-0.0472583 -0.290177 0 -99.25
-0.0459917 -0.29038 0 -99
-0.04442 -0.288602 0 -98.75
-0.043456 -0.290771 0 -98.5
-0.0423303 -0.291947 0 -98.25
-0.0410561 -0.292129 0 -98
-0.0399159 -0.293296 0 -97.75
-0.03968 -0.301399 0 -97.5
-0.0386169 -0.303554 0 -97.25
-0.0374139 -0.304712 0 -97
-0.036084 -0.304872 0 -96.75
-0.0347534 -0.305027 0 -96.5
-0.0334221 -0.305175 0 -96.25
-0.0321948 -0.306313 0 -96
-0.0308579 -0.30645 0 -95.75
-0.0296163 -0.307577 0 -95.5
-0.0283655 -0.3087 0 -95.25
-0.0270183 -0.30882 0 -95
-0.0255877 -0.307939 0 -94.75
-0.0242439 -0.308047 0 -94.5
-0.0233442 -0.314134 0 -94.25
-0.0223221 -0.31922 0 -94
-0.020929 -0.319315 0 -93.75
-0.0195355 -0.319403 0 -93.5
-0.018085 -0.318487 0 -93.25
-0.0166952 -0.318563 0 -93
-0.015305 -0.318633 0 -92.75
-0.0139146 -0.318696 0 -92.5
-0.0127594 -0.324749 0 -92.25
-0.0114121 -0.326801 0 -92
-0.00992502 -0.324848 0 -91.75
-0.00850751 -0.324889 0 -91.5
-0.00695895 -0.318924 0 -91.25
-0.00556732 -0.318951 0 -91
-0.00417558 -0.318973 0 -90.75
-0.00284485 -0.325988 0 -90.5
-0.00142244 -0.325997 0 -90.25
-3.92713e-09 -0.326 0 -90
0.00140935 -0.322997 0 -89.75
0.00280121 -0.320988 0 -89.5
0.00420176 -0.320973 0 -89.25
0.00560222 -0.320951 0 -89
0.00687168 -0.314925 0 -88.75
0.00827191 -0.315892 0 -88.5
0.00965017 -0.315853 0 -88.25
0.0109933 -0.314808 0 -88
0.0123668 -0.314757 0 -87.75
0.013522 -0.309705 0 -87.5
0.0148732 -0.309643 0 -87.25
0.0160671 -0.306579 0 -87
0.0174047 -0.306506 0 -86.75
0.0184367 -0.301437 0 -86.5
0.0194901 -0.297362 0 -86.25
0.0207874 -0.297274 0 -86
0.0220843 -0.297181 0 -85.75
0.0237731 -0.302066 0 -85.5
0.0250909 -0.301959 0 -85.25
0.0264082 -0.301847 0 -85
0.0267185 -0.290775 0 -84.75
0.027987 -0.290656 0 -84.5
0.0292549 -0.290531 0 -84.25
0.0304178 -0.289406 0 -84
0.0316803 -0.28927 0 -83.75
0.0328289 -0.288136 0 -83.5
0.0340858 -0.28799 0 -83.25
0.0350984 -0.285853 0 -83
0.0363453 -0.285697 0 -82.75
0.0375915 -0.285536 0 -82.5
0.0388371 -0.285369 0 -82.25
0.0400818 -0.285197 0 -82
0.0410389 -0.28304 0 -81.75
0.0422735 -0.282859 0 -81.5
0.0430509 -0.279706 0 -81.25
0.0442709 -0.279516 0 -81
0.0454901 -0.27932 0 -80.75
0.0462133 -0.27616 0 -80.5
0.0460631 -0.268071 0 -80.25
0.0472323 -0.267868 0 -80
0.0487565 -0.269627 0 -79.75
0.0495681 -0.267445 0 -79.5
0.0509211 -0.268209 0 -79.25
0.0520909 -0.267984 0 -79
0.0532597 -0.267754 0 -78.75
0.0542281 -0.26654 0 -78.5
0.0549833 -0.264342 0 -78.25
0.0546808 -0.257253 0 -78
0.0558027 -0.257012 0 -77.75
0.0569236 -0.256766 0 -77.5
0.0584848 -0.258466 0 -77.25
0.0607368 -0.26308 0 -77
0.0618841 -0.262812 0 -76.75
0.0634971 -0.264485 0 -76.5
0.0646506 -0.264205 0 -76.25
0.0655608 -0.26295 0 -76
0.0667075 -0.262662 0 -75.75
0.067853 -0.262368 0 -75.5
0.0682333 -0.259168 0 -75.25
0.0688459 -0.256936 0 -75
0.0681251 -0.24988 0 -74.75
0.0710854 -0.256326 0 -74.5
0.0694888 -0.246389 0 -74.25
0.0705632 -0.246083 0 -74
0.0713564 -0.244813 0 -73.75
0.0727079 -0.245458 0 -73.5
0.0729136 -0.242266 0 -73.25
0.07397 -0.241945 0 -73
0.0753216 -0.242575 0 -72.75
0.0763793 -0.242244 0 -72.5
0.0771307 -0.240956 0 -72.25
0.0784903 -0.241568 0 -72
0.0776646 -0.235525 0 -71.75
0.0786915 -0.235184 0 -71.5
0.0822885 -0.242414 0 -71.25
0.0833455 -0.242053 0 -71
0.0844008 -0.241687 0 -70.75
0.0854546 -0.241316 0 -70.5
0.0875204 -0.243765 0 -70.25
0.0885832 -0.24338 0 -70
0.0872215 -0.236424 0 -69.75
0.0893029 -0.238851 0 -69.5
0.0903442 -0.238459 0 -69.25
0.0913838 -0.238063 0 -69
0.0924217 -0.237662 0 -68.75
0.0934578 -0.237256 0 -68.5
0.0930099 -0.233131 0 -68.25
0.0940262 -0.232723 0 -68
0.0950408 -0.232311 0 -67.75
0.0964362 -0.232818 0 -67.5
0.0993847 -0.237006 0 -67.25
0.102762 -0.242093 0 -67
0.103818 -0.241642 0 -66.75
0.104871 -0.241187 0 -66.5
0.103909 -0.23615 0 -66.25
0.103311 -0.232041 0 -66
0.102269 -0.227029 0 -65.75
0.1016 -0.222941 0 -65.5
0.102153 -0.221587 0 -65.25
0.101428 -0.217514 0 -65
0.102376 -0.217069 0 -64.75
0.10074 -0.211205 0 -64.5
0.100357 -0.208061 0 -64.25
0.0977568 -0.200431 0 -64
0.0986304 -0.200003 0 -63.75
0.0986097 -0.19778 0 -63.5
0.0994718 -0.197348 0 -63.25
0.10351 -0.203149 0 -63
0.104395 -0.202696 0 -62.75
0.105279 -0.202238 0 -62.5
0.106626 -0.202662 0 -62.25
0.108917 -0.204844 0 -62
0.10981 -0.204367 0 -61.75
0.110701 -0.203886 0 -61.5
0.109184 -0.199017 0 -61.25
0.110052 -0.198539 0 -61
0.110917 -0.198057 0 -60.75
0.11178 -0.197571 0 -60.5
0.115122 -0.201422 0 -60.25
0.1165 -0.201784 0 -60
0.117379 -0.201274 0 -59.75
0.118256 -0.20076 0 -59.5
0.11862 -0.199382 0 -59.25
0.116399 -0.19372 0 -59
0.117243 -0.19321 0 -58.75
0.118085 -0.192697 0 -58.5
0.121555 -0.196431 0 -58.25
0.124001 -0.198443 0 -58
0.124866 -0.1979 0 -57.75
0.125728 -0.197354 0 -57.5
0.126588 -0.196803 0 -57.25
0.124178 -0.191217 0 -57
0.124463 -0.189837 0 -56.75
0.12529 -0.189292 0 -56.5
0.12667 -0.189575 0 -56.25
0.127496 -0.189021 0 -56
0.129445 -0.190116 0 -55.75
0.130273 -0.189549 0 -55.5
0.131099 -0.188979 0 -55.25
0.131923 -0.188405 0 -55
0.133321 -0.188644 0 -54.75
0.134142 -0.188061 0 -54.5
0.136714 -0.189908 0 -54.25
0.137542 -0.18931 0 -54
0.138366 -0.188708 0 -53.75
0.142163 -0.192122 0 -53.5
0.143 -0.1915 0 -53.25
0.140825 -0.186881 0 -53
0.138612 -0.182284 0 -52.75
0.139406 -0.181678 0 -52.5
0.140198 -0.181068 0 -52.25
0.140986 -0.180454 0 -52
0.145487 -0.184549 0 -51.75
0.146291 -0.183913 0 -51.5
0.147092 -0.183273 0 -51.25
0.14852 -0.183406 0 -51
0.148053 -0.181208 0 -50.75
0.148842 -0.18056 0 -50.5
0.149629 -0.179909 0 -50.25
0.150412 -0.179254 0 -50
0.149255 -0.176307 0 -49.75
0.151971 -0.177935 0 -49.5
0.15144 -0.175755 0 -49.25
0.148925 -0.171319 0 -49
0.152968 -0.174427 0 -48.75
0.153728 -0.173758 0 -48.5
0.154485 -0.173085 0 -48.25
0.1539 -0.170923 0 -48
0.154644 -0.17025 0 -47.75
0.155386 -0.169574 0 -47.5
0.156124 -0.168894 0 -47.25
0.152768 -0.163823 0 -47
0.156907 -0.166797 0 -46.75
0.157633 -0.166111 0 -46.5
0.159048 -0.166144 0 -46.25
0.159077 -0.164729 0 -46
0.163981 -0.168331 0 -45.75
0.164714 -0.167614 0 -45.5
0.165443 -0.166894 0 -45.25
0.165463 -0.165463 0 -45
0.166183 -0.164739 0 -44.75
0.165474 -0.162611 0 -44.5
0.165466 -0.16119 0 -44.25
0.166167 -0.160466 0 -44
0.166866 -0.15974 0 -43.75
0.167561 -0.15901 0 -43.5
0.167525 -0.157592 0 -43.25
0.169674 -0.158224 0 -43
0.168894 -0.156124 0 -42.75
0.169574 -0.155386 0 -42.5
0.17025 -0.154644 0 -42.25
0.17241 -0.155238 0 -42
0.174577 -0.155816 0 -41.75
0.175256 -0.155053 0 -41.5
0.176682 -0.154946 0 -41.25
0.177357 -0.154174 0 -41
0.178028 -0.153399 0 -40.75
0.178695 -0.15262 0 -40.5
0.17936 -0.151839 0 -40.25
0.178488 -0.14977 0 -40
0.181447 -0.150908 0 -39.75
0.179789 -0.148206 0 -39.5
0.178885 -0.146155 0 -39.25
0.179521 -0.145373 0 -39
0.184053 -0.147718 0 -38.75
0.184696 -0.146913 0 -38.5
0.185335 -0.146106 0 -38.25
0.185971 -0.145296 0 -38
0.186603 -0.144483 0 -37.75
0.186438 -0.143059 0 -37.5
0.18706 -0.142244 0 -37.25
0.187679 -0.141427 0 -37
0.188295 -0.140606 0 -36.75
0.188906 -0.139783 0 -36.5
0.189514 -0.138958 0 -36.25
0.1974 -0.14342 0 -36
0.193966 -0.139636 0 -35.75
0.198644 -0.141692 0 -35.5
0.199261 -0.140823 0 -35.25
0.195777 -0.137085 0 -35
0.185692 -0.128819 0 -34.75
0.186253 -0.128008 0 -34.5
0.186809 -0.127194 0 -34.25
0.195653 -0.13197 0 -34
0.196227 -0.131115 0 -33.75
0.196797 -0.130257 0 -33.5
0.194018 -0.127204 0 -33.25
0.194572 -0.126356 0 -33
0.195121 -0.125506 0 -32.75
0.19904 -0.126803 0 -32.5
0.200438 -0.126467 0 -32.25
0.200987 -0.125591 0 -32
0.201533 -0.124713 0 -31.75
0.199518 -0.122265 0 -31.5
0.200049 -0.121393 0 -31.25
0.200577 -0.120519 0 -31
0.20282 -0.120665 0 -30.75
0.214546 -0.126377 0 -30.5
0.216823 -0.126447 0 -30.25
0.217372 -0.1255 0 -30
0.223995 -0.128024 0 -29.75
0.225422 -0.127538 0 -29.5
0.225976 -0.126553 0 -29.25
0.226526 -0.125566 0 -29
0.227072 -0.124576 0 -28.75
0.226735 -0.123107 0 -28.5
0.22727 -0.122116 0 -28.25
0.225152 -0.119715 0 -28
0.228327 -0.120129 0 -27.75
0.228849 -0.119131 0 -27.5
0.233812 -0.120421 0 -27.25
0.234335 -0.1194 0 -27
0.236639 -0.119276 0 -26.75
0.238947 -0.119135 0 -26.5
0.243949 -0.120303 0 -26.25
0.244472 -0.119237 0 -26
0.24499 -0.118169 0 -25.75
0.243698 -0.116238 0 -25.5
0.239681 -0.113041 0 -25.25
0.240172 -0.111994 0 -25
0.242474 -0.111782 0 -24.75
0.24296 -0.110723 0 -24.5
0.24344 -0.109662 0 -24.25
0.251225 -0.111853 0 -24
0.251711 -0.110755 0 -23.75
0.252192 -0.109656 0 -23.5
0.253586 -0.108949 0 -23.25
0.253139 -0.107451 0 -23
0.254527 -0.106732 0 -22.75
0.25961 -0.107534 0 -22.5
0.261928 -0.107158 0 -22.25
0.260539 -0.105264 0 -22
0.262853 -0.104868 0 -21.75
0.263308 -0.10372 0 -21.5
0.263758 -0.10257 0 -21.25
0.26327 -0.10106 0 -21
0.263708 -0.0999101 0 -20.75
0.260395 -0.0973577 0 -20.5
0.258003 -0.0951822 0 -20.25
0.261235 -0.0950816 0 -20
0.261647 -0.0939409 0 -19.75
0.277137 -0.0981392 0 -19.5
0.282283 -0.0985775 0 -19.25
0.28271 -0.0973449 0 -19
0.278397 -0.0945032 0 -18.75
0.268376 -0.0897972 0 -18.5
0.268765 -0.0886254 0 -18.25
0.265345 -0.0862157 0 -18
0.263814 -0.0844474 0 -17.75
0.26418 -0.0832955 0 -17.5
0.264541 -0.082142 0 -17.25
0.264896 -0.080987 0 -17
0.275781 -0.0830005 0 -16.75
0.27614 -0.0817964 0 -16.5
0.276494 -0.0805908 0 -16.25
0.279727 -0.0802105 0 -16
0.276225 -0.0779034 0 -15.75
0.276562 -0.0766974 0 -15.5
0.286542 -0.0781203 0 -15.25
0.293641 -0.078681 0 -15
0.287213 -0.0756168 0 -14.75
0.288508 -0.0746133 0 -14.5
0.287862 -0.0731075 0 -14.25
0.289148 -0.0720927 0 -14
0.28946 -0.0708304 0 -13.75
0.291711 -0.0700336 0 -13.5
0.298827 -0.0703645 0 -13.25
0.299132 -0.06906 0 -13
0.29943 -0.0677541 0 -12.75
0.293865 -0.0651483 0 -12.5
0.290238 -0.0630168 0 -12.25
0.285619 -0.0607102 0 -12
0.285881 -0.0594634 0 -11.75
0.286138 -0.0582154 0 -11.5
0.295216 -0.0587222 0 -11.25
0.30136 -0.0585784 0 -11
0.306525 -0.0581955 0 -10.75
0.306776 -0.0568575 0 -10.5
0.307021 -0.0555184 0 -10.25
0.296427 -0.0522681 0 -10
0.296652 -0.0509742 0 -9.75
0.296872 -0.0496793 0 -9.5
0.30893 -0.0503124 0 -9.25
0.31211 -0.0494333 0 -9
0.321217 -0.0494401 0 -8.75
0.32143 -0.0480381 0 -8.50001
0.324606 -0.0470656 0 -8.25001
0.321837 -0.0452313 0 -8
0.319059 -0.043422 0 -7.75
0.319245 -0.0420294 0 -7.5
0.313474 -0.0398789 0 -7.25
0.313645 -0.0385107 0 -7
0.31381 -0.0371418 0 -6.75
0.313969 -0.0357722 0 -6.5
0.314122 -0.0344019 0 -6.25001
0.318247 -0.0334491 0 -6.00001
0.31242 -0.0314591 0 -5.74999
0.318527 -0.0306706 0 -5.5
0.318658 -0.0292805 0 -5.25
0.313801 -0.0274541 0 -5
0.313918 -0.0260846 0 -4.75
0.32998 -0.02597 0 -4.5
0.315131 -0.0234183 0 -4.25
0.330194 -0.0230894 0 -4
0.333285 -0.0218447 0 -3.75001
0.333377 -0.0203902 0 -3.50001
0.33546 -0.0190488 0 -3.25
0.338535 -0.0177419 0 -3
0.335613 -0.0161207 0 -2.75
0.33568 -0.0146561 0 -2.5
0.335741 -0.0131913 0 -2.25
0.338793 -0.0118309 0 -2
0.34284 -0.0104747 0 -1.75
0.344882 -0.00903106 0 -1.50001
0.344918 -0.00752614 0 -1.25001
0.344947 -0.00602109 0 -1.00001
0.330972 -0.00433266 0 -0.749996
0.330987 -0.00288849 0 -0.499997
0.330997 -0.00144426 0 -0.249999
0.331 -8.01496e-09 0 0
0.334997 0.0014617 0 0.249999
0.334987 0.00292338 0 0.499997
0.332971 0.00435883 0 0.749996
0.33095 0.00577674 0 0.999994
0.332921 0.00726435 0 1.24999
0.332886 0.00871692 0 1.50001
0.332845 0.0101693 0 1.75
0.3288 0.0114819 0 2
0.328746 0.0129165 0 2.25
0.327688 0.0143072 0 2.5
0.323627 0.0155449 0 2.75
0.32056 0.0167998 0 3
0.314493 0.0178582 0 3.25
0.314412 0.0192303 0 3.49999
0.314326 0.020602 0 3.74999
0.312238 0.0218338 0 4
0.312139 0.0231959 0 4.25
0.312035 0.0245577 0 4.5
0.313918 0.0260846 0 4.75
0.313801 0.0274541 0 5
0.313679 0.028823 0 5.25
0.30061 0.0289454 0 5.5
0.30048 0.0302568 0 5.74999
0.300346 0.0315676 0 5.99999
0.304181 0.0333133 0 6.24999
0.304033 0.0346402 0 6.5
0.303879 0.0359664 0 6.75
0.293794 0.0360733 0 7
0.293633 0.0373549 0 7.25
0.293468 0.0386357 0 7.5
0.295278 0.0401856 0 7.75
0.298071 0.0418911 0 8
0.297885 0.0431913 0 8.24999
0.296705 0.0443428 0 8.49999
0.296508 0.045637 0 8.75
0.292356 0.0463046 0 9
0.292151 0.0475798 0 9.25
0.291941 0.0488541 0 9.5
0.289753 0.0497887 0 9.75
0.286579 0.0505316 0 10
0.286356 0.0517816 0 10.25
0.282194 0.0523016 0 10.5
0.279016 0.0529728 0 10.75
0.278782 0.0541897 0 11
0.278543 0.0554056 0 11.25
0.289078 0.0588135 0 11.5
0.288818 0.0600743 0 11.75
0.288554 0.0613339 0 12
0.288283 0.0625924 0 12.25
0.283126 0.0627675 0 12.5
0.282849 0.0640022 0 12.75
0.276721 0.0638861 0 13
0.275466 0.0648637 0 13.25
0.275181 0.066065 0 13.5
0.27489 0.0672651 0 13.75
0.279445 0.0696735 0 14
0.279139 0.0708921 0 14.25
0.278827 0.0721094 0 14.5
0.272707 0.0717977 0 14.75
0.266596 0.0714341 0 15
0.266281 0.0725966 0 15.25
0.265962 0.0737578 0 15.5
0.268525 0.0757319 0 15.75
0.271076 0.0777297 0 16
0.270734 0.0789118 0 16.25
0.270387 0.0800923 0 16.5
0.265247 0.0798304 0 16.75
0.264896 0.080987 0 17
0.264541 0.082142 0 17.25
0.269902 0.0850997 0 17.5
0.269528 0.0862766 0 17.75
0.269149 0.0874518 0 18
0.265916 0.0876859 0 18.25
0.262686 0.0878934 0 18.5
0.2623 0.0890387 0 18.75
0.261909 0.0901824 0 19
0.260569 0.0909946 0 19.25
0.260169 0.0921307 0 19.5
0.256941 0.0922513 0 19.75
0.253717 0.0923454 0 20
0.253312 0.0934516 0 20.25
0.252901 0.094556 0 20.5
0.253422 0.0960129 0 20.75
0.253 0.0971177 0 21
0.25537 0.099308 0 21.25
0.257726 0.101521 0 21.5
0.25728 0.102644 0 21.75
0.254048 0.102642 0 22
0.247119 0.101099 0 22.25
0.246676 0.102176 0 22.5
0.244383 0.102478 0 22.75
0.243934 0.103544 0 23
0.24348 0.104607 0 23.25
0.243938 0.106067 0 23.5
0.242558 0.106728 0 23.75
0.243003 0.108192 0 24
0.244352 0.110073 0 24.25
0.24387 0.111138 0 24.5
0.243382 0.112201 0 24.75
0.24289 0.113262 0 25
0.24149 0.113894 0 25.25
0.238283 0.113655 0 25.5
0.235983 0.113825 0 25.75
0.235484 0.114853 0 26
0.236774 0.116764 0 26.25
0.235368 0.11735 0 26.5
0.234853 0.118376 0 26.75
0.234335 0.1194 0 27
0.232033 0.119505 0 27.25
0.23151 0.120516 0 27.5
0.230982 0.121525 0 27.75
0.233981 0.12441 0 28
0.233436 0.12543 0 28.25
0.232887 0.126447 0 28.5
0.232333 0.127462 0 28.75
0.223028 0.123626 0 29
0.222486 0.124598 0 29.25
0.221941 0.125568 0 29.5
0.2266 0.129513 0 29.75
0.226899 0.131 0 30
0.226325 0.131989 0 30.25
0.224885 0.132468 0 30.5
0.21657 0.128846 0 30.75
0.214292 0.12876 0 31
0.213728 0.129693 0 31.25
0.214865 0.13167 0 31.5
0.21684 0.134185 0 31.75
0.216252 0.135129 0 32
0.215661 0.136072 0 32.25
0.215065 0.137011 0 32.5
0.214465 0.137948 0 32.75
0.213861 0.138883 0 33
0.214089 0.140363 0 33.25
0.213475 0.141296 0 33.5
0.212856 0.142226 0 33.75
0.208088 0.140357 0 34
0.205821 0.140138 0 34.25
0.205207 0.141035 0 34.5
0.206233 0.143069 0 34.75
0.208065 0.145688 0 35
0.207427 0.146595 0 35.25
0.206785 0.147499 0 35.5
0.206951 0.148984 0 35.75
0.206299 0.149885 0 36
0.205643 0.150784 0 36.25
0.204984 0.15168 0 36.5
0.20432 0.152573 0 36.75
0.204451 0.154065 0 37
0.203777 0.154955 0 37.25
0.205479 0.157669 0 37.5
0.204789 0.158564 0 37.75
0.202519 0.158225 0 38
0.201826 0.159107 0 38.25
0.199565 0.158741 0 38.5
0.198871 0.15961 0 38.75
0.197395 0.159847 0 39
0.19747 0.16134 0 39.25
0.197536 0.162836 0 39.5
0.196824 0.163696 0 39.75
0.194575 0.163268 0 40
0.192335 0.162823 0 40.25
0.191622 0.163661 0 40.5
0.190906 0.164495 0 40.75
0.190187 0.165327 0 41
0.190215 0.166814 0 41.25
0.189486 0.167643 0 41.5
0.188006 0.167802 0 41.75
0.185786 0.167283 0 42
0.184314 0.167419 0 42.25
0.183582 0.168222 0 42.5
0.183581 0.1697 0 42.75
0.185032 0.172546 0 43
0.184278 0.173351 0 43.25
0.18352 0.174154 0 43.5
0.181313 0.17357 0 43.75
0.180554 0.174359 0 44
0.179792 0.175145 0 44.25
0.179026 0.175928 0 44.5
0.178257 0.176708 0 44.75
0.177484 0.177484 0 45
0.176708 0.178257 0 45.25
0.175928 0.179026 0 45.5
0.175145 0.179792 0 45.75
0.175749 0.181993 0 46
0.174953 0.182758 0 46.25
0.174154 0.18352 0 46.5
0.171981 0.182821 0 46.75
0.173228 0.185764 0 47
0.172415 0.186518 0 47.25
0.172951 0.188743 0 47.5
0.172126 0.189496 0 47.75
0.171297 0.190245 0 48
0.174461 0.195467 0 48.25
0.172281 0.194728 0 48.5
0.172749 0.196982 0 48.75
0.170575 0.196224 0 49
0.169718 0.196967 0 49.25
0.166908 0.195424 0 49.5
0.163469 0.193098 0 49.75
0.162625 0.193809 0 50
0.162418 0.195286 0 50.25
0.161564 0.195993 0 50.5
0.162605 0.199019 0 50.75
0.162994 0.201281 0 51
0.162114 0.20199 0 51.25
0.161231 0.202696 0 51.5
0.161584 0.204968 0 51.75
0.16315 0.208823 0 52
0.162238 0.209533 0 52.25
0.161322 0.210239 0 52.5
0.160403 0.210941 0 52.75
0.159481 0.211638 0 53
0.157359 0.21073 0 53.25
0.156438 0.211414 0 53.5
0.155514 0.212095 0 53.75
0.154 0.211962 0 54
0.153073 0.212632 0 54.25
0.152144 0.213298 0 54.5
0.150058 0.212327 0 54.75
0.14913 0.21298 0 55
0.148199 0.213628 0 55.25
0.146699 0.213449 0 55.5
0.146892 0.21574 0 55.75
0.146509 0.217208 0 56
0.145004 0.217014 0 56.25
0.143504 0.21681 0 56.5
0.142556 0.217434 0 56.75
0.138883 0.213861 0 57
0.137948 0.214465 0 57.25
0.137011 0.215065 0 57.5
0.139273 0.220735 0 57.75
0.139899 0.223885 0 58
0.13892 0.224493 0 58.25
0.13794 0.225097 0 58.5
0.134881 0.222277 0 58.75
0.13391 0.222863 0 59
0.132936 0.223446 0 59.25
0.133483 0.226608 0 59.5
0.132493 0.227189 0 59.75
0.1335 0.231229 0 60
0.130505 0.228336 0 60.25
0.129507 0.228904 0 60.5
0.129973 0.232084 0 60.75
0.129444 0.233523 0 61
0.128905 0.234963 0 61.25
0.134559 0.247826 0 61.5
0.137263 0.255458 0 61.75
0.136616 0.256938 0 62
0.137822 0.261956 0 62.25
0.146374 0.281182 0 62.5
0.156135 0.303155 0 62.75
0.173878 0.341255 0 63
0.192642 0.382195 0 63.25
0.21239 0.425989 0 63.5
0.233528 0.473549 0 63.75
0.249433 0.511414 0 64
0.267618 0.55483 0 64.25
0.274666 0.575849 0 64.5
0.273004 0.578851 0 64.75
0.271744 0.582756 0 65
0.269198 0.583936 0 65.25
0.265404 0.582375 0 65.5
0.262039 0.581704 0 65.75
0.244449 0.549041 0 66
0.234399 0.532711 0 66.25
0.224097 0.515388 0 66.5
0.220662 0.513604 0 66.75
0.211386 0.497993 0 67
0.201863 0.481389 0 67.25
0.193255 0.466559 0 67.5
0.186674 0.456291 0 67.75
0.182433 0.451539 0 68
0.180461 0.45233 0 68.25
0.178486 0.453113 0 68.5
0.17397 0.447364 0 68.75
0.165924 0.432248 0 69
0.163682 0.432032 0 69.25
0.159695 0.427123 0 69.5
0.157829 0.427815 0 69.75
0.152883 0.420043 0 70
0.144966 0.403764 0 70.25
0.135526 0.382712 0 70.5
0.128579 0.368195 0 70.75
0.12632 0.366861 0 71
0.124719 0.367409 0 71.25
0.114864 0.343293 0 71.5
0.111486 0.338093 0 71.75
0.11001 0.338576 0 72
0.107312 0.335243 0 72.25
0.103142 0.327125 0 72.5
0.0987484 0.318022 0 72.75
0.0944361 0.308886 0 73
0.092511 0.30738 0 73.25
0.0906009 0.305863 0 73.5
0.0875865 0.300496 0 73.75
0.0851719 0.29703 0 74
0.0808893 0.286812 0 74.25
0.0793698 0.286198 0 74.5
0.0781203 0.286542 0 74.75
0.0768693 0.28688 0 75
0.076126 0.289147 0 75.25
0.0748636 0.289476 0 75.5
0.0735998 0.2898 0 75.75
0.0720927 0.289148 0 76
0.0705927 0.288489 0 76.25
0.0686329 0.285877 0 76.5
0.0662389 0.281307 0 76.75
0.0650109 0.281593 0 77
0.0648851 0.286751 0 77.25
0.0627675 0.283126 0 77.5
0.0615315 0.283397 0 77.75
0.0602944 0.283663 0 78
0.0590561 0.283923 0 78.25
0.0578167 0.284178 0 78.5
0.0573566 0.288351 0 78.75
0.0562887 0.28958 0 79
0.0552111 0.290805 0 79.25
0.0539417 0.291043 0 79.5
0.0526713 0.291276 0 79.75
0.0513999 0.291503 0 80
0.0501275 0.291725 0 80.25
0.048359 0.288982 0 80.5
0.0474191 0.291164 0 80.75
0.0461482 0.291368 0 81
0.0448764 0.291567 0 81.25
0.0436038 0.29176 0 81.5
0.0423303 0.291947 0 81.75
0.0413344 0.29411 0 82
0.0404553 0.29726 0 82.25
0.0391579 0.297433 0 82.5
0.0378597 0.297601 0 82.75
0.0365608 0.297764 0 83
0.0352612 0.297921 0 83.25
0.033961 0.298072 0 83.5
0.0323335 0.295235 0 83.75
0.031045 0.295373 0 84
0.0293551 0.291526 0 84.25
0.0280828 0.291651 0 84.5
0.02681 0.291771 0 84.75
0.0255366 0.291885 0 85
0.0233519 0.281031 0 85.25
0.0219686 0.279137 0 85.5
0.0206763 0.278233 0 85.75
0.0194621 0.27832 0 86
0.0183129 0.2794 0 86.25
0.0169105 0.276483 0 86.5
0.0157039 0.276554 0 86.75
0.0147587 0.281614 0 87
0.0134339 0.279678 0 87.25
0.0120826 0.276736 0 87.5
0.0109928 0.279784 0 87.75
0.00977187 0.279829 0 88
0.00848972 0.27787 0 88.25
0.0072772 0.277905 0 88.5
0.00606455 0.277934 0 88.75
0.00483433 0.276958 0 89
0.00363892 0.277976 0 89.25
0.00241726 0.276989 0 89.5
0.00120865 0.276997 0 89.75
1.00051e-08 0.275 0 90
-0.00121299 0.277997 0 90.25
-0.00239979 0.27499 0 90.5
-0.003508 0.267977 0 90.75
-0.00464233 0.26596 0 91
-0.00554097 0.25394 0 91.25
-0.00662276 0.252913 0 91.5
-0.00766516 0.250883 0 91.75
-0.00875976 0.250847 0 92
-0.0098542 0.250806 0 92.25
-0.0109485 0.250761 0 92.5
-0.0117546 0.244718 0 92.75
-0.0128223 0.244664 0 93
-0.0137763 0.242609 0 93.25
-0.0148348 0.242547 0 93.5
-0.0158275 0.241482 0 93.75
-0.0168811 0.24141 0 94
-0.0177119 0.238343 0 94.25
-0.018124 0.230288 0 94.5
-0.0190459 0.22921 0 94.75
-0.0194357 0.222151 0 95
-0.0204049 0.222065 0 95.25
-0.0213736 0.221973 0 95.5
-0.0223419 0.221878 0 95.75
-0.0233098 0.221778 0 96
-0.0239507 0.218692 0 96.25
-0.0249047 0.218586 0 96.5
-0.0262108 0.221454 0 96.75
-0.0266894 0.217368 0 97
-0.0276376 0.217249 0 97.25
-0.0285852 0.217126 0 97.5
-0.0283187 0.208082 0 97.75
-0.0286697 0.203995 0 98
-0.0295595 0.203868 0 98.25
-0.0304487 0.203737 0 98.5
-0.0328586 0.213486 0 98.75
-0.0337898 0.213341 0 99
-0.0347204 0.213191 0 99.25
-0.0343299 0.205147 0 99.5
-0.0352247 0.204996 0 99.75
-0.0361188 0.20484 0 100
-0.0395035 0.218457 0 100.25
-0.0404563 0.218283 0 100.5
-0.0421544 0.222034 0 100.75
-0.0431228 0.221848 0 101
-0.045456 0.228523 0 101.25
-0.0494432 0.243021 0 101.5
-0.0527432 0.253573 0 101.75
-0.0538491 0.25334 0 102
-0.0551662 0.25408 0 102.25
-0.0560579 0.252861 0 102.5
-0.0571606 0.252614 0 102.75
-0.0582623 0.252362 0 103
-0.0605089 0.256972 0 103.25
-0.0620965 0.25865 0 103.5
-0.0632244 0.258377 0 103.75
-0.0643512 0.258099 0 104
-0.0654768 0.257815 0 104.25
-0.0666011 0.257527 0 104.5
-0.0664511 0.252399 0 104.75
-0.0675518 0.252107 0 105
-0.0686511 0.25181 0 105.25
-0.0697492 0.251508 0 105.5
-0.0713888 0.253126 0 105.75
-0.0735952 0.256657 0 106
-0.0747143 0.256333 0 106.25
-0.0752641 0.254087 0 106.5
-0.0757956 0.251841 0 106.75
-0.0768938 0.251508 0 107
-0.0779904 0.25117 0 107.25
-0.0790856 0.250828 0 107.5
-0.0789598 0.246671 0 107.75
-0.0791083 0.24347 0 108
-0.0795436 0.241224 0 108.25
-0.0799608 0.238978 0 108.5
-0.0790741 0.232945 0 108.75
-0.0800898 0.232598 0 109
-0.0811039 0.232246 0 109.25
-0.0804474 0.227177 0 109.5
-0.0811 0.225882 0 109.75
-0.0824268 0.226466 0 110
-0.0830681 0.225166 0 110.25
-0.0836996 0.223865 0 110.5
-0.0850298 0.224432 0 110.75
-0.0860083 0.224059 0 111
-0.0869851 0.223682 0 111.25
-0.0868608 0.220509 0 111.5
-0.0878221 0.220128 0 111.75
-0.0884072 0.218815 0 112
-0.0893611 0.218428 0 112.25
-0.0838077 0.20233 0 112.5
-0.0846897 0.201962 0 112.75
-0.0847886 0.19975 0 113
-0.0856594 0.199378 0 113.25
-0.0845348 0.194417 0 113.5
-0.0821603 0.186724 0 113.75
-0.0809406 0.181796 0 114
-0.081733 0.181441 0 114.25
-0.0825239 0.181082 0 114.5
-0.0862439 0.187077 0 114.75
-0.0883272 0.189418 0 115
-0.0904326 0.191744 0 115.25
-0.0912683 0.191348 0 115.5
-0.0907991 0.188246 0 115.75
-0.0894277 0.183354 0 116
-0.0889 0.180271 0 116.25
-0.0896858 0.179882 0 116.5
-0.0891195 0.17681 0 116.75
-0.0885281 0.173746 0 117
-0.0883697 0.17158 0 117.25
-0.090041 0.172967 0 117.5
-0.0907948 0.172573 0 117.75
-0.0915469 0.172175 0 118
-0.0922973 0.171774 0 118.25
-0.0930459 0.171369 0 118.5
-0.0933118 0.170085 0 118.75
-0.0940531 0.169676 0 119
-0.0947925 0.169264 0 119.25
-0.0940529 0.166238 0 119.5
-0.0947773 0.165826 0 119.75
-0.095 0.164545 0 120
-0.0957171 0.164129 0 120.25
-0.0964323 0.16371 0 120.5
-0.0997021 0.167584 0 120.75
-0.100432 0.167148 0 121
-0.101161 0.166708 0 121.25
-0.0987522 0.161149 0 121.5
-0.0989282 0.159866 0 121.75
-0.0990949 0.158585 0 122
-0.0997859 0.158151 0 122.25
-0.101012 0.158558 0 122.5
-0.104408 0.162321 0 122.75
-0.105115 0.161863 0 123
-0.105821 0.161403 0 123.25
-0.106524 0.16094 0 123.5
-0.103892 0.155485 0 123.75
-0.104569 0.15503 0 124
-0.104682 0.153746 0 124.25
-0.105352 0.153287 0 124.5
-0.106019 0.152826 0 124.75
-0.106685 0.152362 0 125
-0.107349 0.151895 0 125.25
-0.108011 0.151425 0 125.5
-0.10867 0.150953 0 125.75
-0.112267 0.154522 0 126
-0.11294 0.154031 0 126.25
-0.113611 0.153537 0 126.5
-0.108297 0.145027 0 126.75
-0.108327 0.143754 0 127
-0.108953 0.14328 0 127.25
-0.110186 0.143597 0 127.5
-0.111424 0.143906 0 127.75
-0.11205 0.143418 0 128
-0.112675 0.142928 0 128.25
-0.110185 0.138522 0 128.5
-0.110788 0.13804 0 128.75
-0.11139 0.137555 0 129
-0.111989 0.137067 0 129.25
-0.11513 0.139664 0 129.5
-0.115738 0.13916 0 129.75
-0.116345 0.138654 0 130
-0.11501 0.135855 0 130.25
-0.111705 0.13079 0 130.5
-0.111622 0.129544 0 130.75
-0.112186 0.129055 0 131
-0.113407 0.129316 0 131.25
-0.114633 0.129569 0 131.5
-0.115198 0.129068 0 131.75
-0.11576 0.128564 0 132
-0.116319 0.128058 0 132.25
-0.116877 0.127549 0 132.5
-0.117433 0.127038 0 132.75
-0.117986 0.126524 0 133
-0.115796 0.123095 0 133.25
-0.117709 0.124039 0 133.5
-0.120323 0.125691 0 133.75
-0.118787 0.123007 0 134
-0.117927 0.121055 0 134.25
-0.11565 0.117686 0 134.5
-0.114754 0.11576 0 134.75
-0.108187 0.108187 0 135
